126,1,1722,1922,0
126,3,1249,1350,0
126,4,1351,1497,0
126,5,1498,1620,0
126,6,1622,1817,0
126,7,1819,1928,0
126,8,1929,2179,0
126,9,2180,2248,0
126,10,2249,2330,0
126,11,2331,2444,0
126,12,2446,2615,0
126,13,2616,2676,0
126,14,2677,2780,0
126,15,2781,2853,0
126,16,2854,2943,0
126,17,2944,3085,0
126,18,3086,3244,0
126,19,3245,3341,0
126,20,3342,3406,0
126,21,3407,3534,0
126,22,3535,3615,0
126,23,3617,3732,0
126,23,3733,3859,0
126,24,3860,3940,0
126,25,1924,2092,0
126,26,2093,2151,0
126,27,974,1143,6
126,29,283,451,5
126,30,704,803,0
126,30,804,1002,3
126,32,9097,9190,0
126,33,9257,9449,0
126,34,9450,9516,0
126,35,9518,9704,0
126,36,9706,9799,0
126,38,536,789,3
126,39,790,925,0
126,40,926,1219,0
126,42,2153,2316,0
126,43,2317,2449,0
126,44,2451,2545,0
126,44,2546,2596,0
126,45,2597,2623,0
126,46,2624,2719,0
126,47,2721,2783,0
126,48,2784,2839,0
126,49,2840,3048,0
126,50,3111,3204,0
126,51,3280,3323,0
126,52,3324,3405,0
126,53,3406,3447,0
126,54,3593,3638,10
126,55,3629,3795,0
126,56,3796,4016,0
126,57,4017,4380,0
126,58,4381,4681,0
126,59,4682,4746,0
126,59,4747,4910,0
126,60,4911,4958,0
126,61,5009,5247,0
126,62,5248,5440,0
126,64,5655,5805,0
126,65,5806,6039,0
126,66,6040,6180,0
126,66,6181,6268,0
126,67,6274,6441,0
126,68,6442,6627,1
126,69,6628,6788,0
126,70,6793,6980,0
126,70,6981,7156,0
126,71,7157,7166,0
126,71,7167,7316,0
126,73,7766,7865,0
126,74,7866,8023,0
126,75,8024,8186,1
126,77,8196,8270,0
126,78,8271,8359,0
126,78,8360,8492,0
126,79,8493,8683,0
126,80,8684,8873,0
126,81,8874,9020,0
126,83,9025,9044,0
126,83,9045,9364,0
126,84,9365,9521,0
126,85,9522,9825,0
126,86,9830,10034,0
126,87,10035,10213,0
126,90,10348,10433,0
126,91,10434,10528,0
126,91,10529,10747,0
126,92,10748,11028,1
126,93,11029,11182,0
126,94,11183,11315,0
126,95,11465,11569,0
126,96,11570,11711,0
126,97,11712,11809,0
126,97,11810,11855,0
126,98,11856,11962,0
126,99,12107,12408,0
126,100,12409,12611,0
126,101,12612,12691,0
126,104,13132,13363,0
126,105,13364,13485,0
126,106,13486,13612,0
126,107,13622,13781,0
126,108,13782,13835,0
126,108,13836,13952,0
126,115,14229,14245,0
126,115,14246,14276,0
126,115,14277,14296,0
126,115,14297,14392,0
126,116,14396,14461,0
126,116,14462,14489,0
126,117,14490,14562,0
126,118,14563,14671,0
126,119,14672,14756,0
126,120,14758,14790,0
126,120,14791,14951,0
126,120,14952,15022,0
126,121,15024,15107,0
126,127,16269,16350,0
126,128,16351,16506,0
126,129,16508,16571,0
126,132,16757,16974,0
126,133,16990,17140,0
126,134,17163,17217,0
126,135,17218,17339,0
126,137,17341,17409,0
126,138,17410,17525,0
126,139,17526,17558,0
126,139,17559,17683,0
126,144,17685,17730,0
126,148,18282,18400,0
126,149,12121,12284,8
126,150,12286,12420,8
126,150,12421,12639,12
126,151,12640,12747,5
126,152,12748,12826,4
126,153,12828,13127,15
126,154,34804,35013,24
126,155,35015,35071,0
126,156,35303,35432,0
126,157,35687,35884,1
110,3,2053,2252,0
110,4,2253,2440,0
110,5,2441,2530,0
110,5,2531,2650,0
110,6,2396,2520,0
110,7,2521,2645,0
110,8,3044,3104,0
110,8,3105,3150,0
110,9,2652,2769,0
110,10,2770,2975,0
110,11,2976,3073,0
110,12,7145,7305,0
110,13,280,358,0
110,14,359,586,0
110,15,587,786,0
110,16,788,1067,0
110,17,1068,1205,0
110,18,1206,1385,0
110,19,1386,1512,0
110,22,1514,1634,0
110,23,1635,1761,0
110,24,1762,1889,0
110,25,1890,1961,0
110,26,1964,2113,0
110,27,2115,2174,0
110,28,2175,2232,0
110,29,2235,2284,0
110,29,2285,2297,0
110,29,2298,2316,0
110,29,2317,2338,0
110,29,2339,2362,0
110,30,2364,2449,0
110,30,2450,2475,0
110,31,2476,2488,0
110,31,2489,2509,0
110,31,2510,2528,0
110,31,2529,2548,0
110,31,2549,2595,0
110,31,2596,2630,0
110,32,2631,2686,0
110,33,2688,2823,0
110,34,2825,3102,0
110,35,3103,3229,0
110,36,3230,3451,0
110,37,3453,3673,0
110,38,3676,3818,0
110,39,3819,3901,0
110,40,4129,4262,0
110,41,4263,4299,0
110,42,4772,4918,0
110,43,4919,4998,0
110,44,4999,5199,0
110,45,5200,5296,0
110,46,5297,5449,0
110,47,540,757,0
110,48,3070,3222,2
110,49,759,937,0
110,50,938,1066,0
110,51,1067,1279,0
110,52,1280,1429,1
110,53,3448,3644,2
110,55,3830,4013,2
110,57,4014,4178,2
110,58,4179,4256,1
110,62,4307,4405,1
110,63,4406,4581,2
110,66,5134,5199,0
110,67,5200,5342,2
110,69,5403,5482,0
110,71,5484,5583,1
110,72,5630,5713,1
110,73,5714,5908,2
110,75,5945,6021,0
110,75,6023,6133,1
110,76,6134,6225,1
110,79,6270,6392,1
110,80,6393,6500,1
110,81,6653,6817,2
110,82,6818,7010,3
110,86,7058,7162,1
110,87,7163,7250,1
110,88,7251,7382,2
110,89,2378,2582,0
110,90,6810,6941,0
110,91,7264,7380,0
110,92,33,140,0
110,93,141,339,0
110,94,342,446,0
110,95,447,509,0
110,95,510,571,0
110,96,572,694,1
110,96,109,110,0
110,97,695,850,1
110,97,851,903,0
110,98,906,1039,0
110,98,1040,1114,0
110,99,1115,1311,0
110,100,1312,1450,0
110,101,1451,1627,0
110,102,1628,1706,0
110,103,1707,1866,0
110,104,1867,1953,0
110,105,3492,3651,0
110,106,3652,3827,0
110,107,3828,3903,0
110,108,3904,4154,0
110,109,1113,1227,1
110,110,1229,1467,0
110,111,1468,1768,0
110,112,4156,4299,0
110,113,13229,13308,0
110,114,21111,21182,0
110,114,21183,21346,0
110,115,21348,21557,0
110,116,21558,21667,0
110,117,22140,22253,0
110,118,22488,22625,0
110,119,22626,22714,0
110,120,24447,24579,0
110,121,24580,24726,0
110,122,25179,25309,0
110,123,25310,25453,0
110,124,25819,25944,0
110,125,25946,26017,0
110,126,52398,52466,0
110,127,52467,52554,0
110,128,52555,52735,0
110,129,52999,53120,0
110,130,53121,53312,2
110,131,53313,53444,0
110,132,53445,53635,0
110,133,53636,53789,0
110,134,53790,53982,0
110,135,53983,54251,2
110,136,54903,55042,0
042,1,2448,2600,0
042,2,2805,2898,0
042,3,2899,3047,0
042,4,1578,1738,0
042,5,1578,1738,0
042,6,1739,1781,0
042,6,1782,1820,0
042,7,3687,3904,0
042,9,3905,4010,0
042,11,4039,4146,0
042,12,4147,4219,0
042,12,4220,4258,0
042,13,4259,4326,0
042,14,4327,4390,0
042,15,4391,4541,0
042,16,4391,4541,0
042,17,4542,4651,0
042,18,4652,4783,0
042,19,4784,4863,0
042,19,4864,4950,0
042,20,11415,11504,0
042,20,11505,11581,0
042,21,11582,11763,0
042,22,11764,11879,0
042,23,11880,12022,0
042,24,12024,12176,0
042,25,12177,12413,0
042,26,12414,12574,0
042,27,12575,12767,0
042,28,12768,12874,0
042,29,12875,13050,0
042,30,13051,13194,0
042,31,13195,13303,0
042,32,13304,13367,0
042,33,13775,14019,0
042,34,7033,7238,0
042,35,7492,7598,0
042,36,7599,7839,0
042,37,7840,7960,0
042,38,7961,8105,0
042,40,7240,7499,43
042,41,7500,7632,0
042,42,7633,7811,0
042,43,8412,8622,0
042,44,8623,8845,0
042,46,5933,6033,0
042,46,6034,6187,0
042,47,6188,6350,0
042,49,6413,6696,0
042,50,6697,6861,0
042,52,6921,7032,0
042,54,15275,15334,0
042,55,15335,15504,0
042,56,15507,15672,0
042,57,15673,15714,0
042,57,15715,15790,0
042,58,15791,16028,0
042,59,16029,16150,0
042,60,16151,16251,0
042,62,4398,4455,0
042,63,4456,4540,0
042,64,4541,4686,0
042,65,4687,4766,0
042,66,4767,4799,0
042,66,4800,4906,0
042,67,4907,5042,0
042,68,17616,17762,0
042,69,17763,17814,0
042,69,17815,17928,0
042,70,17931,18075,0
042,72,18194,18316,0
042,73,18317,18375,0
042,73,18376,18441,0
042,73,18442,18472,0
042,74,18473,18643,0
042,75,18473,18643,0
042,76,18644,18778,0
042,77,18781,18878,0
042,78,18881,18983,0
042,79,18986,19013,0
042,79,19014,19076,0
042,79,19077,19175,1
042,80,19176,19321,0
042,81,19322,19369,0
042,82,19372,19447,0
042,82,19448,19533,0
042,83,19534,19702,0
042,84,19703,19760,0
042,85,19761,19826,0
042,86,19827,19931,0
042,87,19932,20016,0
042,88,20017,20130,0
042,89,20133,20295,0
042,90,6779,6868,1
042,91,6869,6977,0
042,92,6978,7091,0
042,93,7183,7259,0
042,94,7260,7342,0
042,95,7343,7486,0
042,96,7487,7558,0
042,97,7559,7711,1
042,98,7712,7824,0
042,100,7825,7918,0
042,101,7920,8067,0
042,102,8068,8251,0
042,103,8252,8391,0
042,104,8392,8560,1
042,105,8562,8753,1
042,106,9389,9581,0
042,107,9582,9689,0
042,109,9847,9910,0
042,110,9911,9981,0
042,112,10159,10211,0
042,112,10212,10470,0
042,113,10471,10640,0
042,114,10692,10941,0
042,115,10944,11061,0
042,115,11062,11173,0
042,116,11062,11173,0
042,121,28382,28516,0
042,122,28867,28961,0
042,123,28962,29170,0
042,124,28962,29170,0
042,125,29171,29309,0
042,126,29311,29378,0
042,126,29379,29444,0
042,127,29445,29590,0
042,128,29591,29705,0
042,129,29706,29828,0
042,130,29829,30008,0
042,131,30010,30292,0
042,132,30294,30466,0
042,133,30467,30560,0
042,134,30562,30682,0
042,135,30683,30791,0
042,136,30792,31007,0
042,137,31008,31157,0
042,138,31158,31269,0
042,139,31270,31417,0
042,141,31532,31824,0
042,142,31826,31949,0
042,143,31950,32086,0
042,144,32088,32237,0
042,145,32238,32351,0
042,146,32352,32439,0
042,147,32440,32601,0
042,148,32603,32902,0
042,149,32903,32998,0
042,149,32999,33104,0
042,150,33105,33324,0
042,151,33326,33418,0
042,153,33419,33526,0
105,2,426,485,2
105,3,683,796,4
105,4,797,907,2
105,5,908,983,2
105,7,984,1113,4
105,8,1119,1201,2
105,9,1609,1656,0
105,12,1657,1691,2
105,16,1692,1808,2
105,17,1809,1883,2
105,18,1884,1982,4
105,19,2139,2193,2
105,20,2621,2753,0
105,21,2194,2261,2
105,22,2262,2342,2
105,23,2343,2436,2
105,24,2437,2475,2
105,26,8909,8951,0
105,27,8952,9007,0
105,32,2616,2655,0
105,33,2656,2779,4
105,34,2780,2903,2
105,35,2906,2990,2
105,36,3735,3851,2
105,37,3852,3864,0
105,37,3865,3939,2
105,38,4941,5052,2
105,39,4316,4396,0
105,40,4399,4479,0
105,41,4480,4583,0
105,42,5053,5141,2
105,43,5142,5213,2
105,44,5214,5331,4
105,45,5337,5437,2
105,46,4586,4674,0
105,47,4933,5024,0
105,48,5025,5069,0
105,49,5070,5177,0
105,50,5178,5285,0
105,51,5286,5408,0
105,52,5629,5754,2
105,53,17464,17565,2
105,54,17566,17627,1
105,55,17628,17668,0
105,56,17670,17765,1
105,57,17766,17820,1
105,58,18112,18146,0
105,58,18147,18197,1
105,60,740,854,1
105,61,2243,2288,0
105,62,855,935,1
105,62,937,970,0
105,63,2289,2411,0
105,64,2412,2552,0
105,65,2554,2644,0
105,66,2645,2821,0
105,67,2822,2920,0
105,68,2850,2956,0
105,69,2524,2611,0
105,70,2742,2811,0
105,71,2812,2886,0
105,72,3344,3379,0
105,72,3380,3431,0
105,73,1497,1628,0
105,74,3432,3526,0
105,75,3528,3673,0
105,76,2980,3053,0
105,77,3116,3217,0
105,78,3218,3256,0
105,79,3257,3354,0
105,80,3357,3396,0
105,82,3786,3859,0
105,83,3860,3964,0
105,84,3965,4031,0
105,85,4032,4130,0
105,86,4131,4222,0
105,87,3816,3958,0
105,88,3959,4040,0
105,89,3168,3198,0
105,89,3199,3253,0
105,90,3254,3301,0
105,90,3302,3412,0
105,91,3413,3492,0
105,100,1754,1839,0
105,101,4540,4639,0
105,102,4640,4732,0
105,103,3767,3849,0
105,104,3850,3938,0
105,105,3494,3568,0
105,105,3569,3634,0
105,106,4185,4203,0
105,106,4204,4225,0
105,106,4226,4308,0
105,107,6792,6929,0
105,108,3074,3166,0
105,109,6930,7053,0
105,110,2688,2790,0
105,110,2791,2849,0
105,111,7374,7479,0
105,112,8402,8459,0
105,113,4310,4397,0
105,114,2340,2421,0
105,115,2422,2511,0
105,115,2512,2561,0
105,116,4399,4427,0
105,117,2610,2667,0
105,118,832,882,0
105,118,883,959,0
105,119,5411,5499,0
105,119,5500,5560,0
105,120,7785,7871,0
105,120,7872,7936,0
105,121,8216,8383,0
105,122,8384,8427,0
105,122,8428,8481,0
105,123,7439,7505,0
105,123,7506,7574,0
105,124,7241,7338,0
105,124,7339,7436,0
105,125,7085,7240,0
105,126,7039,7084,0
105,127,6454,6509,0
105,128,1288,1407,0
105,129,1408,1568,0
105,130,1571,1707,0
105,131,1708,1837,0
105,132,1838,1949,0
105,133,1952,2025,0
105,134,2026,2187,0
111,2,245,286,0
111,3,287,367,0
111,4,2382,2703,0
111,5,2704,2823,0
111,6,2896,3143,0
111,7,3144,3348,0
111,8,3349,3412,0
111,9,3414,3569,0
111,10,3962,4173,1
111,11,4175,4309,0
111,12,4311,4344,0
111,12,4345,4433,0
111,13,998,1147,0
111,14,1148,1298,0
111,15,1299,1477,0
111,16,1478,1627,0
111,17,1629,1781,0
111,18,1783,1841,0
111,18,1842,1858,0
111,18,1859,1945,0
111,19,1946,2141,0
111,20,2143,2336,0
111,21,2338,2404,0
111,22,2405,2563,0
111,23,2565,2681,0
111,24,2683,2726,0
111,24,2727,2915,0
111,25,2917,3098,0
111,26,3100,3349,0
111,27,3350,3568,0
111,28,3570,3767,0
111,29,3769,4043,0
111,30,4045,4152,0
111,31,4153,4235,0
111,31,4236,4314,0
111,32,4316,4413,0
111,33,4414,4648,0
111,39,4649,4793,0
111,40,4795,4927,0
111,41,4928,5090,0
111,42,5091,5127,0
111,42,5128,5191,0
111,42,5192,5280,0
111,43,5282,5424,1
111,44,5425,5558,0
111,45,5560,5770,0
111,46,5771,5944,0
111,47,5945,6188,0
111,48,6190,6287,0
111,48,6288,6372,0
111,48,6373,6455,0
111,49,6456,6524,0
111,50,6525,6608,0
111,51,6609,6761,0
111,52,6762,6885,0
111,53,6887,7006,0
111,54,7007,7097,0
111,55,7098,7182,0
111,56,7183,7318,0
111,57,7319,7518,0
111,58,7519,7582,0
111,58,7583,7735,0
111,59,7737,7846,0
111,59,7847,7908,0
111,60,8134,8203,0
111,61,8205,8312,0
111,62,8313,8579,0
111,63,8581,8739,0
111,63,8740,8815,0
111,64,8816,8936,0
111,65,8937,9001,0
111,65,9002,9048,0
111,66,9050,9191,0
111,67,9192,9253,0
111,67,9254,9360,0
111,68,9361,9475,0
111,79,2604,2746,0
111,80,2747,2797,0
111,81,2798,2840,0
111,81,2841,2963,0
111,82,2966,3043,0
111,85,3279,3336,0
111,85,3337,3357,0
111,86,3358,3473,0
111,87,3474,3569,0
111,88,3572,3683,0
111,89,3684,3845,0
111,90,3846,3944,0
111,91,3945,4049,0
111,92,4050,4177,0
111,93,4178,4335,0
111,94,4336,4506,0
111,95,368,490,0
111,97,491,599,0
111,98,600,692,0
111,99,693,785,0
111,100,790,930,0
111,101,931,1011,0
111,102,1012,1055,0
111,107,1056,1137,0
111,108,1142,1259,0
111,113,1260,1307,0
111,114,1308,1446,0
111,115,1451,1564,0
111,116,1569,1668,0
111,117,1986,2057,0
111,117,2058,2106,0
111,117,2107,2122,0
111,118,2054,2057,0
111,118,2128,2250,0
111,119,2252,2305,0
111,120,2306,2409,0
111,121,2640,2774,0
111,122,2776,2858,0
111,122,2859,2947,0
111,123,2949,3010,0
111,124,3011,3154,0
111,125,3199,3402,0
111,126,3404,3558,0
111,127,3560,3585,0
111,127,3586,3610,0
111,128,3611,3687,0
111,129,3692,3825,0
111,130,3826,3892,0
111,130,3893,3951,0
111,131,213,365,0
111,132,366,461,0
111,133,462,710,0
111,134,712,974,0
111,135,1124,1236,0
111,136,1237,1307,0
111,139,18243,18337,0
111,140,18338,18427,0
111,141,18428,18511,0
111,142,18512,18593,0
111,143,18595,18716,0
111,144,18717,18837,0
111,145,18838,19006,0
111,146,17533,17699,0
111,147,17895,18017,0
008,3,350,494,1
008,4,809,931,0
008,5,809,931,0
008,7,619,822,0
008,8,823,965,0
008,9,496,769,0
008,10,771,808,0
008,11,809,989,0
008,12,990,1081,0
008,12,1082,1095,0
008,12,1096,1216,0
008,13,1217,1300,0
008,14,1301,1440,0
008,15,1441,1526,0
008,16,-1,-1,-1
008,17,1528,1614,0
008,18,1615,1725,0
008,19,1726,1882,0
008,19,1883,2088,0
008,20,2090,2157,0
008,21,2158,2253,0
008,22,2254,2336,0
008,22,2337,2420,0
008,23,3126,3290,0
008,24,3126,3290,0
008,25,4033,4171,0
008,26,4172,4214,0
008,26,4217,4275,0
008,27,4276,4468,0
008,28,4469,4785,1
008,29,4469,4785,1
008,30,5013,5222,0
008,31,5224,5382,0
008,33,5385,5527,1
008,34,5530,5618,0
008,35,5619,5931,0
008,36,5934,6008,0
008,37,6011,6178,0
008,38,6180,6386,0
008,39,6387,6500,0
008,39,6501,6552,0
008,41,6555,6653,0
008,42,6656,6754,0
008,43,6756,6826,0
008,44,11255,11345,0
008,44,11346,11467,0
008,45,11468,11528,0
008,46,11529,11624,0
008,47,2023,2114,0
008,49,1320,1371,0
008,49,1372,1680,0
008,50,1320,1371,0
008,50,1372,1680,0
008,51,1810,1979,0
008,52,1980,2057,0
008,53,2181,2292,0
008,54,2293,2481,0
008,54,2484,2603,6
008,55,2293,2481,0
008,55,2484,2603,6
008,56,827,1003,0
008,56,1004,1207,0
008,57,1208,1330,0
008,58,1331,1391,0
008,59,1392,1500,0
008,60,1533,1619,0
008,61,1620,1788,0
008,63,2563,2604,0
008,64,2605,2753,0
008,65,-1,-1,-1
008,66,2864,3061,0
008,67,2864,3061,0
008,68,3062,3125,0
008,69,3126,3293,0
008,70,3316,3392,0
008,71,3393,3594,0
008,72,3393,3594,0
008,73,3595,3695,0
008,74,3696,3886,0
008,75,3887,4072,0
008,76,4073,4163,0
008,80,314,452,0
008,81,454,530,0
008,82,531,705,0
008,83,706,780,0
008,83,781,986,0
008,84,987,1207,0
008,85,1209,1332,0
008,86,1333,1390,0
008,86,1391,1547,0
008,87,1548,1700,0
008,88,1701,1827,0
008,89,1829,2103,0
008,90,2104,2179,0
008,91,2180,2422,0
008,92,2521,2710,0
008,93,2712,2874,0
008,94,2876,2977,0
008,95,2978,3176,0
008,96,3178,3251,0
008,97,3252,3354,0
008,98,3355,3518,0
008,99,3520,3611,0
008,99,3612,3675,0
008,99,3676,3685,0
008,100,3741,3979,0
008,101,3980,4066,0
008,102,4067,4296,0
008,103,4297,4368,0
008,104,4369,4506,0
008,105,4508,4661,0
008,106,6508,6639,1
008,110,536,694,0
008,107,536,694,0
008,108,695,841,0
008,109,842,939,0
008,110,940,977,0
008,111,979,1007,0
008,112,1008,1067,0
008,113,1068,1146,0
008,114,1147,1220,0
008,115,1706,1765,0
008,116,1766,1863,0
008,117,1864,1926,0
008,118,1927,1971,0
008,118,1972,2047,0
008,119,2048,2125,0
008,120,2126,2172,0
008,121,-1,-1,-1
008,122,186,337,0
008,123,338,480,0
008,124,481,657,0
008,125,658,696,0
008,126,697,785,0
008,127,786,899,1
008,132,1048,1465,0
008,128,1048,1465,0
008,129,1469,1595,0
008,130,1762,1855,0
008,131,3037,3097,0
008,132,3098,3138,0
008,133,3139,3218,0
008,134,19225,19241,0
008,135,19242,19300,0
008,136,19301,19351,0
008,137,19352,19458,0
008,138,19459,19539,0
008,139,19540,19613,0
008,140,19923,20050,0
008,141,20111,20200,0
008,142,20201,20255,0
008,143,20461,20521,0
008,143,20522,20538,0
008,145,20539,20629,0
008,146,20724,20819,0
102,1,2106,2257,0
102,2,2262,2374,0
102,3,2375,2479,0
102,4,2480,2516,0
102,4,2517,2561,0
102,6,2629,2732,0
102,7,2733,2851,0
102,8,2858,2971,0
102,9,2985,3089,0
102,10,3444,3497,0
102,13,1290,1485,107
102,14,1441,1506,0
102,15,1507,1559,0
102,16,1560,1605,0
102,17,1606,1618,0
102,17,1619,1699,0
102,18,3794,3867,0
102,19,3868,3990,0
102,20,4295,4355,0
102,21,4356,4457,0
102,22,4867,4894,0
102,22,4895,4952,0
102,23,1700,1764,0
102,24,1765,1839,0
102,24,1840,1877,0
102,26,5268,5324,0
102,29,9006,9206,0
102,30,9207,9332,0
102,31,9333,9394,0
102,31,9395,9454,0
102,32,9455,9654,0
102,33,9655,9690,0
102,33,9691,9779,0
102,34,10088,10157,0
102,35,10158,10251,0
102,36,10252,10309,0
102,36,10310,10324,0
102,37,10326,10428,0
102,38,10429,10539,0
102,39,10540,10569,0
102,39,10570,10600,0
102,39,10601,10644,0
102,39,10645,10676,0
102,40,6527,6549,0
102,40,6550,6613,0
102,41,4115,4208,0
102,41,4209,4257,0
102,42,4457,4529,0
102,44,5270,5375,0
102,47,6572,6790,0
102,48,6572,6790,0
102,49,6791,7024,0
102,50,2791,2811,0
102,50,2812,2956,0
102,51,13178,13273,0
102,53,13688,13862,0
102,55,3166,3261,0
102,56,3262,3342,0
102,58,3379,3439,0
102,59,3440,3524,0
102,60,3525,3621,0
102,61,3622,3754,0
102,62,17497,17609,0
102,63,17610,17679,0
102,64,17680,17820,0
102,65,17680,17820,0
102,66,17822,17972,0
102,67,17973,18034,0
102,68,18036,18115,0
102,69,18116,18243,0
102,70,18244,18285,0
102,70,18286,18422,0
102,71,18423,18534,0
102,72,18535,18635,0
102,76,19278,19431,0
102,77,19433,19546,0
102,78,19547,19652,0
102,79,19653,19725,0
102,79,19727,19901,0
102,80,20415,20513,0
102,81,20514,20610,0
102,82,20611,20822,0
102,83,20611,20822,0
102,84,20823,20955,0
102,87,21809,21950,0
102,88,21952,22199,0
102,89,21952,22199,0
102,90,22200,22335,0
102,91,22337,22430,0
102,93,22490,22585,0
102,94,22586,22701,0
102,95,22702,22776,0
102,95,22777,22825,0
102,96,22826,22972,0
102,97,22973,23037,0
102,98,23038,23153,0
102,101,3932,3991,0
102,101,3992,4028,0
102,101,4029,4104,0
102,102,3568,3630,0
102,104,4160,4203,0
102,105,4204,4348,0
102,106,4349,4430,0
102,107,4431,4498,0
102,109,14345,14428,0
102,110,14429,14515,0
102,111,14518,14656,0
102,112,4696,4867,0
102,114,14225,14239,0
102,114,14240,14344,0
102,115,14659,14829,0
102,116,14830,14913,0
102,117,14914,15085,0
102,118,15086,15338,0
102,119,15086,15338,0
102,120,15341,15488,0
102,122,15534,15777,0
102,123,15778,15877,0
102,124,15880,15889,0
102,124,15890,16026,0
102,126,16262,16385,0
102,126,16386,16446,0
102,127,16449,16473,0
102,127,16474,16582,0
102,128,16583,16626,0
102,128,16627,16641,0
102,128,16642,16697,0
102,128,16697,16714,0
102,128,8359,8370,0
102,129,16726,16887,0
102,130,16888,16987,0
102,131,17199,17362,0
102,132,17363,17493,0
102,133,17701,17814,0
102,134,17817,17958,0
102,135,18194,18317,0
102,136,18318,18518,0
102,137,18856,18931,0
102,138,37243,37306,0
102,138,37307,37392,0
102,139,37393,37526,0
102,140,37571,37653,0
102,141,38531,38660,0
102,142,38661,38753,0
102,143,38755,38895,0
102,144,38942,39062,0
102,145,39063,39140,0
102,145,39141,39287,0
102,146,39288,39524,0
102,147,4996,5056,0
102,147,5057,5110,0
102,148,5111,5226,0
102,148,5227,5318,0
102,149,4519,4605,0
102,150,5353,5459,0
102,151,4607,4717,0
102,153,5460,5477,0
102,153,5478,5557,0
102,155,4826,4911,0
102,155,5288,5394,0
102,156,5396,5530,0
102,157,6048,6098,0
102,157,6099,6176,0
102,159,6219,6303,0
102,160,6304,6359,0
102,160,6360,6408,0
027,5,420,458,0
027,6,459,488,0
027,7,489,567,2
027,8,420,838,156
027,9,420,838,156
027,10,839,973,2
027,11,976,1043,0
027,11,1366,1578,101
027,12,1201,1339,4
027,13,1340,1458,2
027,14,1459,1578,4
027,15,1581,1652,0
027,16,1653,1882,6
027,17,1653,1882,6
027,18,1883,2072,4
027,19,1233,1291,0
027,19,1292,1326,0
027,20,1327,1417,0
027,21,1110,1288,0
027,22,1289,1379,0
027,23,1380,1574,0
027,24,1575,1666,0
027,24,1781,1842,0
027,25,1843,2065,0
027,26,1843,2065,0
027,27,1418,1473,0
027,28,1474,1603,0
027,29,1604,1691,0
027,30,1692,1778,0
027,31,1869,1934,0
027,32,1935,2063,0
027,33,4215,4512,0
027,34,4513,4584,0
027,35,4585,4684,0
027,36,4685,4784,0
027,37,4785,4901,0
027,39,300,435,0
027,40,437,524,0
027,41,973,1028,0
027,42,1029,1478,0
027,43,1029,1478,0
027,44,1479,1591,0
027,47,583,664,0
027,48,665,854,0
027,49,855,934,0
027,50,771,1075,0
027,51,1078,1407,0
027,51,1408,1480,0
027,52,1078,1407,0
027,52,1408,1480,0
027,53,1483,1635,0
027,54,1636,1844,0
027,54,-1,-1,-1
027,55,223,418,0
027,56,419,597,0
027,57,598,698,0
027,58,699,931,0
027,59,932,1213,0
027,60,932,1213,0
027,61,1214,1626,0
027,62,1214,1626,0
027,63,1627,1779,0
027,64,1781,2012,0
027,65,2013,2042,0
027,65,2043,2118,0
027,66,2119,2320,0
027,67,2906,3178,0
027,68,3179,3299,0
027,69,3300,3548,0
027,69,3549,3755,0
027,70,3756,3908,0
027,72,3910,3984,0
027,73,3985,4166,0
027,74,4167,4457,0
027,76,2015,2095,0
027,77,2096,2177,0
027,77,2178,2213,0
027,78,2214,2290,0
027,78,2291,2471,0
027,79,2472,2560,0
027,80,2561,2809,0
027,81,2810,2929,0
027,82,2930,3053,0
027,83,3054,3150,0
027,84,3151,3251,0
027,84,3252,3352,0
027,85,3353,3466,0
027,86,3467,3605,0
027,88,2416,2466,0
027,90,2613,2750,0
027,91,2751,2829,0
027,91,2830,2839,0
027,91,2840,2914,0
027,92,2915,2969,0
027,93,2970,3106,0
027,93,3107,3152,0
027,93,3153,3256,0
027,94,3269,3415,0
027,96,-1,-1,-1
027,97,3815,4010,0
027,98,4011,4192,0
027,99,4198,4265,0
027,99,4266,4369,0
027,100,4376,4479,0
027,101,4480,4766,0
027,102,4480,4766,0
027,103,4767,4838,0
027,104,4842,5039,0
027,105,5040,5282,0
027,106,5283,5624,0
027,107,5628,5785,0
027,108,5786,5858,0
027,109,5862,5939,0
027,109,5940,6074,0
027,110,6078,6283,0
027,112,10642,10963,8
027,113,10642,10963,8
027,114,10964,11042,3
027,114,-1,-1,-1
027,115,11293,11636,8
027,116,11640,11741,2
027,117,13111,13277,4
027,119,19077,19325,6
027,120,19326,19677,8
027,121,19678,19807,2
027,122,20302,20568,6
027,123,20302,20568,6
027,124,20571,20661,2
027,125,20662,20687,0
027,126,20688,20947,6
027,127,20948,21029,2
027,128,21030,21185,4
027,129,21186,21237,2
027,130,21238,21370,2
027,131,21374,21639,6
027,132,21640,21721,2
027,133,21722,21996,6
027,134,21722,21996,6
027,135,23488,23625,2
027,136,23626,23827,6
027,137,23828,23985,4
027,139,2065,2228,0
027,140,2229,2384,0
027,141,2385,2493,0
027,141,2494,2734,0
027,142,2735,3060,0
027,143,3061,3138,0
027,144,3139,3357,0
027,145,3358,3418,0
027,146,4779,4841,0
027,147,4842,5017,0
027,148,5018,5194,0
027,149,5018,5194,0
027,150,5195,5316,0
027,150,5317,5424,0
027,151,5425,5623,0
039,1,66,120,1
039,1,121,380,0
039,2,381,590,3
039,3,725,825,0
039,4,827,966,0
039,5,971,1096,0
039,6,1098,1406,0
039,7,1407,1458,0
039,8,1459,1678,1
039,9,1679,1937,1
039,10,1938,2150,0
039,10,2151,2222,0
039,11,2223,2293,0
039,12,2294,2349,0
039,12,2350,2360,0
039,13,2361,2509,0
039,14,1943,1978,0
039,15,2000,2194,28
039,16,2210,2517,68
039,17,2518,2626,0
039,18,2627,2758,58
039,19,2759,2857,24
039,20,2874,2941,14
039,21,2942,3190,37
039,22,3191,3241,0
039,23,3242,3287,0
039,24,3288,3431,0
039,25,3432,3704,141
039,26,3705,3735,0
039,27,3860,4186,58
039,28,4201,4369,47
039,29,4383,4562,0
039,30,4563,4830,66
039,31,4831,4943,28
039,32,4951,5255,42
039,33,5256,5486,31
039,34,3649,3829,0
039,35,3830,3932,0
039,36,3933,4096,0
039,37,4098,4216,0
039,38,4218,4353,0
039,39,4357,4468,0
039,40,4469,4653,0
039,41,4654,4763,0
039,42,4792,4894,0
039,43,4895,5011,0
039,44,5012,5197,0
039,45,5198,5387,0
039,46,5413,5716,0
039,47,5717,5970,0
039,48,5972,6122,0
039,49,6123,6354,0
039,50,6355,6443,0
039,51,6444,6589,0
039,51,6590,6742,0
039,52,6743,6855,0
039,53,6856,7067,0
039,54,7068,7206,18
039,58,6114,6183,0
039,59,6184,6327,0
039,60,7296,7366,0
039,61,7367,7593,0
039,62,7728,7962,0
039,63,8702,9149,0
039,64,9312,9459,0
039,65,9460,9532,0
039,66,9533,9606,0
039,67,9607,9727,0
039,68,9824,9969,0
039,69,9970,10037,0
039,70,10038,10225,0
039,71,10857,11080,0
039,72,11351,11590,0
039,73,11591,11678,0
039,74,11679,11745,0
039,75,11746,11881,0
039,76,11882,11968,0
039,77,12631,12787,0
039,78,12788,12879,0
039,79,12880,12995,0
039,80,12996,13129,0
039,81,13130,13266,0
039,82,13267,13309,0
039,83,13543,13685,0
039,84,13686,13733,0
039,85,13734,13785,0
039,98,4530,4983,0
039,99,4984,5149,0
039,100,5150,5337,0
039,101,5338,5694,1
039,102,5718,5934,0
039,103,5935,6078,0
039,104,6079,6214,0
039,105,6215,6341,0
039,106,6342,6537,0
039,107,6538,6601,0
039,108,6603,6704,0
039,109,6705,6953,0
039,110,6954,7156,0
039,111,7173,7554,0
039,112,7578,7722,0
039,113,7723,7839,0
039,114,7840,8037,0
039,115,8038,8284,0
039,116,9056,9134,0
039,117,9135,9279,0
039,118,9300,9334,0
039,119,9357,9380,0
039,120,9381,9449,0
039,121,9717,9825,0
039,122,9717,9825,0
039,123,9829,10059,0
039,124,9829,10059,0
039,125,10060,10259,0
039,126,10060,10259,0
039,127,10260,10661,47
039,128,10260,10661,47
039,129,10662,10956,0
039,129,10957,11131,0
039,130,11132,11261,0
039,130,11262,11290,0
039,131,11291,11335,0
039,131,11336,11374,0
039,132,11375,11423,0
039,132,11424,11512,0
039,133,11621,11856,0
039,133,11857,12091,0
039,134,12158,12347,0
039,134,12348,12591,36
039,135,2409,2576,152
039,135,12608,12656,0
039,135,12657,12993,0
039,136,13002,13051,0
039,136,13052,13160,0
039,137,13248,13578,0
039,138,35855,35947,0
039,141,28042,28173,0
039,142,28137,28239,40
039,143,28240,28292,0
039,143,28293,28326,0
039,144,28327,28375,0
039,145,28376,28415,0
039,146,28416,28484,0
039,147,28485,28705,0
039,148,28815,28943,0
039,149,28944,28997,0
039,149,28998,29079,2
039,150,29080,29141,0
039,151,29142,29249,1
121,1,2702,2843,8
121,2,2850,3070,14
121,3,2850,3070,14
121,4,3071,3158,4
121,5,3165,3176,2
121,5,3071,3291,112
121,6,3292,3302,0
121,6,3305,3406,4
121,7,3413,3554,6
121,8,808,924,9
121,9,929,1054,12
121,9,1055,1216,12
121,10,1217,1334,9
121,11,1335,1388,3
121,12,1690,1806,9
121,13,1807,1980,12
121,13,1981,2094,9
121,14,3107,3205,6
121,15,3206,3437,18
121,16,3438,3629,15
121,17,3634,3771,12
121,18,3772,3957,21
121,19,3961,4057,6
121,21,4121,4269,12
121,22,4270,4352,6
121,23,6343,6609,24
121,24,6343,6609,24
121,25,6613,6793,12
121,26,11501,11641,18
121,27,11501,11641,18
121,28,11642,11651,0
121,28,11652,11729,12
121,29,11730,11848,18
121,29,11849,11911,6
121,30,11919,12150,30
121,30,12157,12196,0
121,31,12204,12395,30
121,32,12403,12530,18
121,33,12538,12857,42
121,34,12864,12939,41
121,35,743,882,3
121,36,885,1046,4
121,37,1047,1134,2
121,38,1136,1235,2
121,39,1236,1408,5
121,39,1410,1463,1
121,40,1466,1581,2
121,41,1583,1684,2
121,42,1687,1827,3
121,43,1828,2025,5
121,44,2028,2123,2
121,44,2125,2259,3
121,45,2260,2317,2
121,46,2855,2938,2
121,47,2939,3072,4
121,48,3073,3180,3
121,49,3181,3372,5
121,50,3373,3475,3
121,51,3766,3819,2
121,52,3822,3922,4
121,53,3923,4052,6
121,54,4053,4124,4
121,55,4131,4283,8
121,56,4284,4367,4
121,57,4368,4467,6
121,58,4469,4704,12
121,59,4705,4757,2
121,60,4758,4831,4
121,61,4833,4930,6
121,61,4931,5026,4
121,62,5027,5073,2
121,63,5074,5091,2
121,63,5094,5211,4
121,63,5214,5277,2
121,64,5278,5296,0
121,64,5299,5393,4
121,66,5487,5561,4
121,67,5487,5561,4
121,68,5562,5608,2
121,68,5611,5682,2
121,69,5685,5811,6
121,70,5812,5930,6
121,71,5931,6049,6
121,72,6056,6132,4
121,73,6133,6298,8
121,74,6299,6369,4
121,75,6370,6511,8
121,77,3810,3934,3
121,78,3935,4055,3
121,78,4056,4090,1
121,79,4093,4167,1
121,79,4169,4211,0
121,80,4213,4279,1
121,81,4281,4453,4
121,82,4454,4546,2
121,83,4549,4783,6
121,84,4786,4871,2
121,85,4872,4977,2
121,87,11831,11890,3
121,87,11894,12044,9
121,88,12045,12195,12
121,89,12196,12271,6
121,90,12272,12395,9
121,91,12396,12499,12
121,91,12503,12550,3
121,92,15994,16226,18
121,93,15994,16226,18
121,94,16227,16510,30
121,95,16515,16724,15
121,95,16728,16883,9
121,96,16887,17075,12
121,97,17080,17249,18
121,98,17250,17385,9
121,99,17386,17578,15
121,100,17583,17701,6
121,101,17705,17779,3
121,102,17783,17945,12
121,103,18018,18094,6
121,104,18095,18259,15
121,105,18260,18421,12
121,106,18429,18638,15
121,107,18643,18954,28
121,108,19113,19325,21
121,109,19330,19400,6
121,110,19401,19748,27
121,111,19753,19889,9
121,113,19994,20199,15
121,114,20200,20338,12
121,115,20339,20437,9
121,116,20441,20631,12
121,117,20635,20720,6
121,118,20721,20878,16
121,119,20879,20950,3
121,120,20955,21100,9
121,121,21168,21404,18
121,122,21405,21466,3
121,122,21470,21559,6
121,123,21560,21741,12
121,124,21746,21820,6
121,124,21821,21924,9
121,124,21925,21975,3
121,125,18041,18140,12
121,125,18141,18392,36
121,126,18400,18537,18
121,126,18538,18607,12
121,127,10525,10721,5
121,128,10525,10721,5
121,129,10724,10850,3
121,130,10851,10988,4
121,131,10989,11047,1
121,132,11050,11154,2
121,133,11155,11257,3
121,134,11258,11382,3
121,135,11385,11439,1
121,135,11440,11530,2
121,135,11532,11592,1
121,135,11593,11672,2
121,136,18905,19017,12
121,137,19024,19156,18
121,138,19157,19194,6
121,139,19243,19309,6
121,139,19310,19422,18
121,140,19243,19309,6
121,140,19310,19422,18
121,141,19430,19496,6
121,141,19497,19506,0
121,141,19507,19579,12
121,141,19580,19661,12
121,142,19669,19838,24
121,143,19899,20116,30
121,144,19990,20214,145
121,145,13965,14088,6
121,146,14091,14152,2
121,146,14153,14203,2
121,147,14204,14292,6
121,147,14293,14587,14
121,148,14594,14658,2
121,148,14661,14812,8
121,149,14815,14876,2
121,150,14883,14971,4
121,150,14972,15028,4
121,151,15029,15152,6
121,152,268,571,56
121,153,268,571,56
121,154,580,854,48
121,155,855,1026,40
121,156,1027,1300,48
121,157,1311,1461,24
121,158,1470,1646,32
121,159,1649,1713,8
121,159,1722,1912,32
211,1,4418,4493,0
211,2,4495,4535,0
211,3,4537,4727,0
211,4,4728,4897,0
211,5,4900,4999,0
211,6,5000,5153,0
211,7,5154,5346,0
211,9,6567,6711,0
211,10,6712,6812,0
211,11,6813,6897,0
211,12,6900,7050,0
211,13,759,867,0
211,14,868,1036,0
211,15,1037,1240,0
211,16,1241,1350,0
211,17,1597,1768,0
211,19,2113,2200,0
211,19,2201,2268,0
211,20,2269,2328,0
211,20,2329,2427,0
211,20,2428,2471,0
211,21,2472,2789,0
211,22,3239,3382,0
211,23,3383,3568,0
211,24,3569,3706,0
211,25,3707,3806,0
211,26,4112,4389,0
211,28,4521,4696,0
211,29,4698,4893,0
211,30,4894,4998,0
211,32,6206,6313,0
211,33,6806,6979,0
211,33,6980,7019,0
211,34,8235,8438,0
211,35,20109,20165,0
211,36,20167,20265,0
211,37,20899,21092,0
211,38,21093,21262,0
211,39,21093,21262,0
211,40,21263,21453,0
211,41,21454,21617,0
211,42,22883,22995,0
211,43,23064,23256,0
211,44,672,745,0
211,45,746,827,0
211,46,23569,23732,0
211,47,23733,23831,0
211,48,23832,23927,0
211,49,1018,1156,0
211,50,1157,1283,0
211,51,1287,1344,0
211,51,1345,1396,0
211,52,1397,1492,0
211,53,1493,1655,0
211,54,1656,1728,0
211,55,1729,1834,2
211,56,1835,1905,0
211,56,1906,1991,0
211,57,1992,2108,0
211,58,2109,2181,0
211,59,2182,2265,0
211,60,2269,2369,0
211,61,2370,2490,0
211,62,2491,2608,0
211,63,2609,2762,0
211,64,2763,2884,0
211,65,2763,2884,0
211,66,2886,2982,0
211,66,2986,3073,0
211,67,3074,3139,0
211,67,3140,3221,0
211,68,3222,3462,0
211,69,3463,3618,0
211,70,3622,3718,0
211,71,3719,3782,0
211,72,3783,3916,0
211,73,3917,4019,0
211,75,25263,25385,0
211,76,25386,25515,0
211,77,25516,25607,0
211,78,25608,25825,0
211,78,25826,25878,0
211,79,26269,26393,0
211,80,26394,26607,0
211,81,27169,27260,0
211,82,27261,27445,0
211,83,27446,27591,0
211,84,27593,27661,0
211,85,27662,27773,0
211,86,27774,28031,0
211,87,28243,28341,0
211,88,28342,28619,0
211,89,28620,28680,0
211,90,28682,28755,0
211,90,28756,28872,0
211,91,28873,28942,0
211,92,28943,29071,0
211,93,29072,29212,0
211,94,29213,29322,0
211,95,29823,30019,0
211,96,30020,30193,0
211,97,30194,30312,0
211,98,30313,30442,0
211,99,30443,30587,0
211,101,2965,3053,0
211,102,3054,3190,0
211,105,3928,4079,0
211,106,4080,4135,0
211,107,4977,5050,0
211,108,5051,5067,0
211,108,5068,5179,0
211,109,5180,5314,0
211,110,5315,5413,0
211,111,5414,5471,0
211,114,31533,31739,0
211,115,31740,31973,0
211,116,31975,32131,0
211,117,32132,32280,0
211,118,32281,32367,0
211,119,32369,32496,0
211,121,3315,3426,1
211,122,3470,3560,1
211,123,3668,3747,1
211,123,3748,3862,1
211,125,4797,4895,1
211,126,5181,5346,2
211,127,5549,5628,1
211,128,5629,5695,1
211,128,5696,5761,1
211,129,3001,3030,0
211,130,3031,3066,0
211,131,3067,3250,0
211,132,3251,3332,3
211,132,3334,3375,0
211,132,3377,3413,0
211,132,3415,3444,0
211,132,3446,3478,0
211,132,3480,3504,0
211,133,4366,4450,0
211,134,4452,4657,0
211,135,4805,5020,0
211,138,42594,42854,0
211,139,42856,42960,0
211,140,43263,43506,0
211,141,43507,43622,0
211,143,43624,43716,0
211,144,43717,43885,0
211,145,43887,43983,0
211,146,43984,44144,0
211,147,44145,44158,0
211,147,44159,44268,0
211,148,7827,7921,0
211,149,7922,8076,0
211,150,8077,8163,0
211,151,8166,8292,0
211,152,8166,8292,0
211,154,44852,44966,0
211,155,44852,44966,0
211,156,44967,45107,0
211,157,44967,45107,0
024,1,73626,73699,0
024,2,73700,73991,6
024,3,73992,74103,1
024,4,74104,74333,2
024,6,74334,74552,3
024,5,74553,74836,4
024,6,75312,75361,0
024,7,75362,75524,0
024,8,75525,75614,1
024,9,75615,75696,1
024,10,75697,75783,1
024,10,75784,75878,0
024,11,75879,75995,1
024,11,75996,76126,0
024,12,76127,76303,4
024,13,76795,76897,2
024,14,77973,78111,1
024,15,79494,79570,0
024,16,79571,79695,1
024,17,80158,80227,0
024,18,80948,81059,0
024,19,81060,81175,0
024,20,81176,81257,0
024,21,81259,81356,1
024,22,81537,81633,0
024,23,81634,81715,1
024,24,82689,82743,0
024,25,82744,82850,2
024,31,1208,1310,0
024,31,1311,1372,0
024,32,1374,1474,0
024,33,1475,1585,0
024,34,1587,1759,0
024,35,1761,1914,0
024,36,1915,2069,0
024,37,2071,2168,0
024,38,3687,4012,0
024,39,4059,4222,0
024,40,4223,4340,0
024,41,4341,4479,0
024,41,4480,4541,0
024,42,4542,4626,0
024,43,4627,4861,0
024,44,4862,4994,0
024,45,5146,5319,0
024,46,5320,5481,0
024,47,5482,5657,0
024,48,5658,5877,0
024,49,5924,6197,0
024,50,6198,6429,0
024,51,6431,6678,0
024,52,6679,6884,0
024,53,6885,7012,0
024,54,7013,7189,0
024,55,7191,7275,0
024,61,0,96,0
024,61,97,218,0
024,62,219,408,0
024,63,410,546,0
024,64,547,735,0
024,65,737,833,0
024,66,834,1037,0
024,67,1054,1165,0
024,68,1166,1339,0
024,69,1340,1515,0
024,70,1054,1165,0
024,70,1166,1339,0
024,71,1546,1677,0
024,71,1678,1759,0
024,72,1760,1814,0
024,73,1831,1960,0
024,74,2106,2204,0
024,75,2205,2391,0
024,76,2392,2457,0
024,77,2459,2558,0
024,78,2862,3056,0
024,79,3087,3195,0
024,80,3421,3493,0
024,81,3494,3590,0
024,82,3591,3841,0
024,83,3842,4015,0
024,84,4017,4195,0
024,85,4226,4461,35
024,90,0,177,0
024,91,208,349,0
024,92,351,467,0
024,93,468,519,0
024,94,520,596,0
024,95,597,730,0
024,96,731,867,0
024,97,868,1005,0
024,98,1006,1135,0
024,99,1136,1196,0
024,100,1205,1315,0
024,100,1316,1495,0
024,101,1497,1545,0
024,101,1546,1644,0
024,101,1645,1731,0
024,102,1733,1847,0
024,103,1848,1917,0
024,104,1918,1975,0
024,105,1976,2077,0
024,106,2078,2208,0
024,107,2209,2362,0
024,108,2364,2529,0
024,109,3704,3788,0
024,110,2530,2611,0
024,111,3894,3961,0
024,112,4137,4248,0
024,113,4249,4416,0
024,114,4417,4482,0
024,115,4501,4619,0
024,120,799,910,0
024,121,911,1125,0
024,122,1127,1387,0
024,123,1950,2079,0
024,124,2081,2142,0
024,125,2143,2258,0
024,126,2260,2352,0
024,127,2353,2501,0
024,128,2503,2572,0
024,129,2573,2752,0
024,130,2753,2825,0
024,130,2826,2920,0
024,131,3063,3289,0
024,131,3291,3542,0
024,132,3544,3810,0
024,133,3908,4030,0
024,134,4576,4873,0
024,135,5531,5688,0
024,136,5689,5834,0
024,137,5987,6120,0
024,138,6122,6225,0
024,139,6255,6484,0
024,140,6486,6700,0
024,141,6719,6951,0
024,142,6952,7090,0
024,143,7092,7312,0
024,144,7313,7563,0
024,145,7565,7702,0
131,8969,9134,0
131,1,1126,1543,0
131,2,1544,1632,0
131,3,1638,1816,0
131,4,2003,2139,0
131,5,2141,2426,0
131,6,3013,3178,0
131,7,3179,3276,0
131,8,3277,3420,0
131,8,3421,3598,0
131,8,3599,3772,0
131,9,3824,4028,0
131,10,4029,4225,0
131,11,4395,4450,0
131,12,4453,4490,0
131,12,4491,4565,0
131,12,4566,4689,0
131,13,4690,4759,0
131,14,4765,4919,0
131,15,4920,5006,1
131,16,5007,5047,0
131,17,5049,5208,0
131,19,5209,5314,0
131,20,5317,5409,3
131,21,5410,5469,0
131,21,5470,5560,0
131,22,5561,5729,0
131,23,5734,6139,0
131,24,6141,6572,0
131,25,6574,6801,0
131,26,6807,7019,0
131,27,7020,7075,0
131,27,7076,7087,0
131,28,7175,7445,0
131,30,2575,2615,0
131,31,2621,2683,0
131,32,2685,2785,0
131,33,2787,2880,0
131,34,2882,2982,0
131,35,2984,3080,0
131,36,3082,3127,0
131,37,3129,3184,0
131,38,3187,3241,0
131,39,3244,3340,0
131,40,3346,3387,0
131,43,3393,3483,0
131,44,3485,3573,0
131,45,3614,3707,0
131,46,3576,3611,0
131,47,3710,3754,0
131,48,3757,3855,0
131,49,3858,3956,0
131,50,3959,4229,125
131,50,4106,4228,0
131,51,4235,4291,0
131,52,4297,4496,0
131,52,4496,4775,0
131,53,4777,4956,0
131,54,4957,5005,0
131,55,5006,5082,0
131,56,5082,5381,0
131,57,5382,5435,0
131,57,5436,5623,0
131,58,9295,9430,0
131,59,9439,9467,3
131,59,9468,9624,0
131,60,9625,9728,0
131,61,9729,10039,0
131,62,10046,10294,0
131,63,10295,10465,0
131,64,10466,10667,0
131,65,10674,10826,0
131,66,10827,10906,0
131,67,10907,10980,0
131,68,10982,11091,0
131,69,11098,11178,0
131,70,11179,11265,4
131,71,11268,11441,2
131,72,11442,11503,1
131,73,11507,11658,0
131,74,11659,11786,0
131,75,11787,11958,0
131,75,11959,12027,0
131,76,12028,12188,0
131,77,12189,12236,0
131,78,12237,12369,0
131,79,12370,12575,0
131,80,12576,12626,0
131,81,12690,12842,0
131,82,12843,13089,0
131,82,13090,13118,0
131,83,13119,13190,0
131,84,13191,13264,0
131,85,-1,-1,-1
131,85,13371,13440,0
131,87,13447,13625,0
131,88,5534,5590,0
131,89,5601,5635,0
131,90,5637,5727,0
131,92,5729,5767,0
131,93,5768,5946,0
131,94,5947,6038,0
131,91,8124,8427,0
131,92,8428,8448,0
131,92,8449,8544,0
131,92,8545,8573,0
131,93,8574,8630,0
131,93,8631,8699,0
131,93,8700,8741,0
131,93,8742,8796,0
131,94,8844,9036,0
131,95,9039,9137,0
131,95,9138,9318,0
131,96,9321,9555,0
131,97,9556,9677,0
131,99,9680,9822,0
131,100,9823,10166,0
131,101,10169,10588,0
131,102,10589,10696,0
131,103,10699,10840,0
131,104,10999,11070,0
131,104,11071,11217,0
131,104,11218,11332,0
131,105,3344,3759,0
131,105,3760,4055,0
131,106,4056,4127,0
131,107,4130,4532,0
131,108,4533,4664,0
131,109,9412,9484,0
131,110,9488,9713,0
131,111,9718,9839,0
131,111,9845,9969,0
131,112,9972,10214,0
131,113,10216,10411,0
131,114,10413,10533,0
131,115,10534,10639,0
131,116,10640,10720,0
131,116,10721,10905,0
131,117,10906,10997,0
131,118,10999,11082,0
131,119,11083,11209,0
131,120,11210,11259,0
131,121,11395,11494,0
131,121,11495,11622,0
131,122,11623,11708,0
131,123,11709,11773,0
131,124,11775,11873,0
131,125,11874,11973,0
131,126,11974,12098,0
131,127,12100,12204,0
131,128,12206,12336,0
131,129,12338,12511,0
131,130,12512,12683,0
131,131,12684,12767,0
131,132,12769,12899,0
131,133,12901,13032,0
131,134,13033,13114,0
131,135,13115,13312,0
131,136,13313,13397,0
131,137,13398,13489,0
131,138,13491,13704,0
131,139,13706,13895,0
131,140,13897,14111,0
131,141,14113,14255,0
131,142,14256,14410,0
131,143,14412,14463,0
131,144,14465,14645,0
131,145,14647,14688,0
131,146,14692,14795,0
131,147,14820,14934,0
131,148,14938,15218,0
131,149,15220,15728,0
131,150,15730,15852,0
079,1,1897,2104,1
079,2,2106,2158,0
079,3,1089,1160,0
079,3,1161,1254,0
079,4,1260,1310,0
079,5,2159,2456,0
079,6,2159,2456,0
079,7,232,336,0
079,8,337,414,0
079,9,416,517,0
079,13,3848,3966,0
079,14,3967,4115,0
079,15,4116,4218,0
079,16,4301,4457,0
079,17,745,844,0
079,18,845,928,0
079,19,929,1029,0
079,20,1030,1233,0
079,21,1030,1233,0
079,22,4658,4796,0
079,23,288,438,1
079,23,439,504,0
079,24,4797,4868,0
079,25,1235,1373,0
079,26,3805,3925,0
079,27,3926,3992,0
079,28,3993,4101,0
079,29,4285,4381,0
079,30,4382,4530,0
079,31,1374,1546,0
079,32,1548,1606,0
079,33,1607,1669,0
079,33,1670,1790,0
079,34,1791,1956,0
079,34,1957,1964,0
079,35,1791,1956,0
079,35,1957,1964,0
079,36,1965,2107,0
079,37,2108,2208,0
079,38,2369,2463,0
079,39,2552,2613,0
079,40,2614,2659,0
079,40,2660,2746,1
079,41,2747,2853,0
079,42,2854,2911,0
079,43,2912,3057,0
079,44,3058,3164,0
079,46,2260,2295,0
079,49,747,824,0
079,50,825,883,1
079,51,990,1077,0
079,52,1078,1192,0
079,53,1193,1255,1
079,53,1256,1280,0
079,57,1232,1338,0
079,58,4203,4239,0
079,60,4089,4252,0
079,61,4253,4324,0
079,62,4502,4617,0
079,63,4453,4501,0
079,64,2588,2654,0
079,64,2655,2746,0
079,66,4901,5076,0
079,67,5250,5392,0
079,68,5393,5536,0
079,69,2747,2885,0
079,70,2886,2958,0
079,71,5537,5779,0
079,72,5780,5890,0
079,73,5891,5978,0
079,74,5979,6026,0
079,75,2959,3059,0
079,76,6071,6180,0
079,76,6181,6187,0
079,77,6188,6258,0
079,78,6936,7084,0
079,79,7203,7472,0
079,80,7203,7472,0
079,81,7473,7694,0
079,82,7473,7694,0
079,83,7695,7829,0
079,84,7831,7971,0
079,85,6259,6344,0
079,86,1762,1840,0
079,87,6345,6421,0
079,88,6422,6550,0
079,89,1905,1975,0
079,90,1976,2019,0
079,91,2196,2294,0
079,92,6551,6681,0
079,95,6771,6951,0
079,96,8004,8244,0
079,97,8004,8244,0
079,98,8359,8534,0
079,99,8535,8725,0
079,100,8726,8851,0
079,102,8903,8966,0
079,103,8967,9045,0
079,104,9084,9349,0
079,105,9350,9521,0
079,107,10144,10237,0
079,108,1266,1374,0
079,115,4624,4818,0
079,117,6953,7046,0
079,118,7047,7248,0
079,120,7356,7405,0
079,134,8257,8530,0
079,135,7649,7696,0
079,136,10316,10464,0
079,137,1428,1480,0
079,138,1481,1631,0
079,139,1637,1700,0
079,140,7697,7939,0
079,142,15683,15770,0
079,143,15771,15980,2
079,145,17010,17120,0
079,146,15981,16152,0
079,148,10533,10609,0
079,149,10610,10871,0
103,3,1320,1606,0
103,4,1607,1689,0
103,5,1690,1823,0
103,6,279,385,0
103,10,503,599,0
103,14,12259,12378,0
103,15,12379,12514,0
103,16,12515,12561,0
103,17,12563,12679,0
103,18,12680,12787,0
103,22,13108,13230,0
103,23,13108,13230,0
103,24,13232,13316,0
103,25,13317,13395,0
103,26,13396,13505,0
103,27,13507,13608,0
103,28,13609,13743,0
103,29,13744,13880,0
103,30,13744,13880,0
103,31,13881,14125,0
103,32,14567,14738,0
103,33,14739,14806,0
103,34,14807,14874,0
103,35,14875,15093,0
103,36,15094,15264,0
103,39,15604,15695,0
103,40,15963,16122,1
103,41,16123,16203,0
103,42,16204,16388,0
103,43,16204,16388,0
103,44,16389,16720,0
103,45,16389,16720,0
103,46,16722,16878,0
103,47,16879,17014,0
103,50,17220,17317,0
103,51,1182,1326,0
103,52,1327,1404,0
103,52,1405,1476,0
103,53,1477,1722,0
103,54,1477,1722,0
103,55,17318,17460,0
103,56,17461,17561,0
103,57,17562,17620,0
103,58,17621,17831,0
103,60,17880,18125,0
103,61,18127,18338,0
103,62,3089,3184,2
103,62,3185,3262,1
103,63,3263,3355,1
103,63,3356,3404,1
103,64,3405,3485,0
103,65,3486,3538,0
103,65,3539,3589,0
103,66,1372,1431,0
103,67,3233,3329,0
103,68,3330,3508,0
103,69,3509,3679,0
103,70,3680,3801,0
103,71,3591,3646,1
103,71,3647,3675,0
103,72,3676,3775,1
103,73,3776,3889,1
103,74,3890,4045,1
103,78,4308,4413,2
103,79,4414,4511,1
103,80,4512,4593,0
103,81,4594,4704,0
103,82,4705,4812,1
103,83,1557,1622,0
103,83,1623,1734,0
103,84,1735,1797,0
103,85,4053,4121,0
103,85,4122,4210,0
103,86,4211,4324,0
103,87,4325,4465,0
103,90,1886,1999,0
103,91,2000,2085,0
103,92,2121,2218,0
103,93,43050,43133,0
103,94,43134,43259,0
103,95,43260,43436,0
103,96,43438,43588,0
103,97,43589,43830,0
103,98,43589,43830,0
103,99,43831,43899,0
103,100,43900,44037,0
103,101,44038,44219,0
103,102,44220,44256,0
103,102,44258,44310,0
103,103,44311,44382,0
103,104,44383,44558,0
103,105,44559,44740,0
103,106,44742,44787,0
103,107,44788,44998,0
103,107,44999,45038,1
103,108,44788,44998,0
103,108,44999,45038,1
103,109,45040,45138,0
103,110,45139,45302,0
103,111,45303,45477,0
103,112,45478,45561,0
103,112,45562,45669,0
103,113,45671,45775,0
103,114,45776,45966,0
103,115,46046,46290,0
103,116,46291,46430,0
103,117,46431,46576,0
103,118,46577,46672,0
103,118,46674,46726,0
103,119,46727,46887,0
103,120,46888,47065,0
103,121,47067,47214,0
103,122,47215,47306,0
103,123,47308,47394,0
103,124,47395,47562,0
103,125,47563,47701,0
103,126,47702,47808,0
103,127,47810,47981,0
103,128,6231,6353,0
103,129,6354,6439,0
103,130,6440,6544,0
103,131,6546,6637,0
103,132,6638,6792,0
103,133,2840,2930,0
103,134,2931,2999,0
103,135,53257,53301,0
103,136,53302,53382,0
103,137,7068,7148,0
103,138,7165,7220,0
103,139,7221,7322,0
103,141,1837,2107,0
103,142,2112,2233,0
103,143,3173,3272,0
103,144,3273,3398,0
103,146,3510,3577,0
103,147,3041,3166,0
103,148,3167,3241,0
103,149,3242,3364,0
103,150,3403,3558,0
103,151,3559,3604,0
103,152,3609,3743,0
103,153,4439,4513,0
103,154,4519,4615,0
195,1,219,296,1
195,2,297,388,3
195,3,390,583,0
195,4,584,672,0
195,5,673,796,0
195,6,1275,1448,0
195,7,1449,1545,0
195,8,1837,1972,0
195,9,1973,2189,0
195,10,2190,2247,0
195,11,2249,2322,0
195,12,2323,2391,0
195,13,2392,2486,0
195,14,2487,2534,0
195,15,2536,2586,0
195,15,2587,2687,3
195,16,2689,2842,0
195,17,2844,2901,0
195,18,2902,2982,0
195,19,3048,3138,0
195,20,3143,3248,0
195,21,4173,4225,0
195,22,4226,4258,0
195,22,4259,4409,0
195,23,4410,4519,0
195,23,4520,4531,0
195,24,4532,4641,0
195,27,4221,4382,0
195,28,4383,4487,0
195,29,4488,4566,3
195,30,4568,4656,0
195,31,4658,4735,0
195,32,4736,4898,3
195,33,4900,5027,0
195,34,5029,5101,3
195,35,5103,5219,0
195,36,5220,5298,3
195,39,488,665,0
195,40,666,721,0
195,41,785,882,0
195,42,883,948,0
195,43,950,1065,0
195,44,1066,1223,0
195,45,1224,1318,0
195,46,1319,1448,0
195,47,1450,1503,0
195,47,1504,1580,0
195,48,1582,1759,0
195,49,1767,1892,0
195,50,1893,1940,0
195,51,1941,2069,0
195,53,4721,4815,0
195,54,4816,4929,0
195,55,4930,5076,0
195,56,5077,5169,0
195,57,5170,5391,0
195,58,5394,5540,0
195,59,5541,5645,0
195,60,5646,5763,0
195,61,5764,5859,0
195,62,5860,5983,0
195,63,5987,6085,0
195,64,6086,6212,0
195,65,6213,6332,0
195,66,6335,6487,0
195,67,6488,6580,0
195,69,2210,2373,0
195,70,2374,2547,0
195,71,2614,2951,0
195,72,-1,-1,-1
195,73,3012,3184,0
195,74,3185,3287,0
195,75,3288,3340,0
195,76,3341,3483,0
195,77,3517,3639,0
195,78,3643,3844,136
195,79,3710,3844,0
195,80,3845,3944,0
195,81,3945,3999,0
195,82,4000,4177,0
195,83,4230,4401,0
195,84,4402,4478,0
195,85,4482,4646,0
195,86,4647,4723,0
195,87,4724,4877,0
195,88,-1,-1,-1
195,89,4995,5174,0
195,90,5757,5958,147
195,91,5813,5958,0
195,92,5959,6099,0
195,93,6103,6272,0
195,94,6273,6340,0
195,95,6410,6493,0
195,96,6494,6697,0
195,97,6698,6856,0
195,98,6860,7085,0
195,99,7086,7209,0
195,100,7213,7262,0
195,101,7265,7478,0
195,102,7479,7791,0
195,103,7976,8139,0
195,104,8140,8262,0
195,105,8263,8417,0
195,106,8421,8632,0
195,108,551,602,0
195,109,603,710,0
195,110,711,792,0
195,111,794,864,0
195,112,865,939,0
195,112,940,988,0
195,113,991,1073,0
195,113,1074,1114,0
195,114,1117,1199,0
195,115,1200,1306,0
195,116,1308,1401,0
195,117,1796,1852,0
195,117,1853,1958,0
195,118,1960,2014,0
195,118,2015,2100,0
195,119,2102,2161,0
195,119,2162,2217,0
195,120,2218,2265,0
195,121,2266,2319,0
195,122,2320,2398,0
195,125,755,838,0
195,126,888,929,0
195,126,930,1011,0
195,127,1012,1081,0
195,128,1082,1153,0
195,129,1154,1250,0
195,130,1251,1387,0
195,131,1395,1527,0
195,132,1528,1597,0
195,133,1598,1689,0
195,134,1690,1868,0
195,135,1869,1982,0
195,136,1983,2097,0
195,137,2098,2182,0
195,138,2183,2321,0
195,139,2322,2472,0
195,140,2478,2614,0
195,140,2615,2726,0
243,1,2164,2334,0
243,2,4249,4441,0
243,3,4442,4553,0
243,5,5563,5711,0
243,6,5714,5916,0
243,7,5917,6093,0
243,8,5917,6093,0
243,9,6094,6266,0
243,10,6269,6501,0
243,11,6502,6565,0
243,12,6566,6745,0
243,14,6746,6834,0
243,14,6835,6838,0
243,15,6841,7024,0
243,15,6841,7024,0
243,16,7027,7145,0
243,17,7146,7454,0
243,18,7146,7454,0
243,19,7457,7735,0
243,20,7736,7872,0
243,22,7979,8160,0
243,23,8161,8259,0
243,24,8260,8414,0
243,25,8415,8636,0
243,26,8639,8847,0
243,27,8639,8847,0
243,28,8848,9298,0
243,29,9471,9781,0
243,30,9784,9988,0
243,32,10202,10667,0
243,33,10202,10667,0
243,34,10668,10837,0
243,34,10840,10880,0
243,35,10881,11028,0
243,36,11029,11125,0
243,37,11259,11447,0
243,38,11448,11595,0
243,39,11596,11752,0
243,40,11753,11950,0
243,42,13295,13474,0
243,43,13475,13746,0
243,44,13475,13746,0
243,46,13823,13942,0
243,46,13943,13965,0
243,47,13966,14191,0
243,48,14192,14364,0
243,49,14367,14574,0
243,51,14653,14710,0
243,52,14711,14777,0
243,53,14778,15006,0
243,56,22755,22778,0
243,56,22779,22931,0
243,57,22932,22952,0
243,57,22953,23005,0
243,58,23006,23156,0
243,59,23157,23214,0
243,60,23215,23256,0
243,61,23257,23381,0
243,62,23382,23461,0
243,64,23494,23559,0
243,65,23593,23724,0
243,67,28209,28460,0
243,68,28461,28496,0
243,69,28497,28614,0
243,70,28615,28707,0
243,71,28708,28854,0
243,72,29245,29321,0
243,72,29322,29439,0
243,73,29440,29510,0
243,73,29511,29637,0
243,74,29643,29810,0
243,76,2141,2419,15
243,77,2420,2503,5
243,78,2509,2644,5
243,79,2650,2678,0
243,79,2679,2705,0
243,80,2711,2760,0
243,81,2831,2846,0
243,81,2847,2856,0
243,82,2862,2892,0
243,82,2893,2945,5
243,82,2946,3081,9
243,83,3082,3132,5
243,83,3138,3184,0
243,84,3185,3275,5
243,85,3281,3358,5
243,86,3359,3413,0
243,86,3414,3450,5
243,86,3451,3477,0
243,87,3483,3501,0
243,87,3502,3559,5
243,88,3560,3654,5
243,88,3655,3688,0
243,89,3694,3775,6
243,90,3776,3817,5
243,90,3818,3888,5
243,92,3982,4092,5
243,93,4093,4132,5
243,93,4133,4177,0
243,94,4183,4214,0
243,94,4215,4274,5
243,95,4275,4345,5
243,96,4346,4399,5
243,96,4400,4420,0
243,96,4421,4475,5
243,97,4476,4506,0
243,98,4507,4677,10
243,99,4684,4742,0
243,100,4743,4851,10
243,101,4852,4933,5
243,103,7169,7242,0
243,104,7243,7361,0
243,106,7411,7633,0
243,107,7634,7712,0
243,108,7723,7781,0
243,108,7782,7953,0
243,109,7954,8074,0
243,110,8164,8319,0
243,111,8320,8393,0
243,112,8466,8559,0
243,112,8560,8596,0
243,114,9529,9647,0
243,115,9648,9695,0
243,116,9696,9811,0
243,117,9696,9811,0
243,118,9812,9850,0
243,118,9851,9889,0
243,119,9890,9940,0
243,120,9941,10000,0
243,122,205,338,0
243,123,339,414,0
243,124,415,488,0
243,125,489,575,0
243,126,576,706,0
243,126,707,811,0
243,127,576,706,0
243,127,707,811,0
243,128,707,811,0
243,128,812,867,0
243,129,869,978,0
243,130,980,1313,4
243,131,1315,1477,0
243,132,1315,1477,0
243,133,1479,1550,0
243,133,1551,1594,0
243,134,1595,1693,0
243,135,1694,1745,0
243,135,1746,1790,0
243,136,1694,1745,0
243,136,1746,1790,0
243,137,1925,2032,1
243,137,2033,2072,1
243,140,438,572,27
243,142,662,799,27
243,142,809,888,9
243,143,889,992,18
243,144,1001,1065,9
243,145,1066,1290,36
243,146,1339,1362,0
243,146,1363,1420,18
243,146,1421,1777,63
243,147,3511,3630,27
243,148,3631,3724,18
243,149,3725,3799,18
243,150,3800,4040,45
243,151,4041,4154,18
243,152,4155,4359,37
243,153,4360,4525,27
243,154,4526,4673,26
243,155,4856,4978,18
086,1,1106,1493,0
086,3,1494,1909,0
086,4,1563,1668,0
086,4,1669,1907,1
086,5,1908,2071,1
086,6,2072,2362,2
086,7,2363,2461,0
086,7,2462,2698,1
086,8,2699,2930,2
086,9,2957,3182,1
086,10,3449,3687,1
086,11,665,864,2
086,12,865,1111,2
086,13,56594,56856,5
086,14,56858,57321,0
086,15,57322,57440,0
086,16,57494,57820,0
086,17,57821,57988,0
086,18,57989,58269,0
086,19,58270,58376,0
086,20,58555,59369,10
086,21,59514,59660,0
086,21,59661,59873,0
086,22,59875,59946,0
086,22,59947,60339,10
086,23,60341,60856,5
086,24,60857,61567,0
086,25,61632,61700,0
086,25,61701,61899,0
086,26,61900,62097,5
086,27,6772,6897,0
086,27,5169,5180,0
086,27,6910,7010,0
086,29,7070,7088,0
086,29,7089,7140,0
086,29,7141,7255,0
086,31,7346,7395,0
086,33,7396,7455,0
086,33,7456,7594,0
086,33,7595,7668,0
086,34,62632,62729,0
086,35,7780,7836,0
086,36,7837,7903,0
086,36,7904,7932,0
086,37,7933,7982,2
086,37,7983,8083,0
086,38,62730,62959,4
086,43,346,501,0
086,44,502,615,0
086,45,616,778,0
086,45,779,806,0
086,46,807,891,0
086,47,892,928,0
086,47,929,1071,0
086,48,1072,1140,0
086,48,1141,1311,0
086,49,1312,1413,0
086,50,1418,1558,0
086,50,1559,1601,0
086,50,1602,1640,0
086,50,1641,1663,0
086,51,1664,1764,0
086,52,1765,1837,0
086,53,2608,2807,0
086,54,2808,2873,0
086,54,2874,2928,0
086,55,2967,3054,0
086,56,3516,3625,0
086,56,3626,3689,0
086,57,3690,3816,0
086,59,4836,4943,0
086,60,4944,5107,0
086,61,5112,5182,0
086,61,5183,5229,0
086,61,5230,5426,0
086,62,8396,8762,5
086,63,8764,8917,0
086,64,8918,9022,0
086,64,9023,9101,0
086,65,9102,9193,0
086,66,9194,9395,3
086,66,9396,9542,0
086,66,9543,9663,0
086,66,9664,9785,0
086,67,9842,10018,0
086,68,10019,10377,3
086,69,10378,10503,0
086,70,10504,10701,0
086,70,10702,10764,0
086,71,10820,10858,0
086,71,10859,11035,3
086,71,11036,11104,0
086,72,11682,11927,0
086,73,11928,12046,0
086,74,12048,12213,0
086,74,12214,12595,0
086,75,12597,12661,0
086,76,12663,12762,0
086,77,12763,13076,28
086,78,13049,13076,0
086,78,13077,13185,0
086,80,13321,13363,0
086,81,13429,13535,0
086,82,13536,13719,0
086,83,13720,13986,0
086,84,13988,14410,8
086,85,15326,15459,0
086,85,15460,15537,0
086,86,15538,15630,0
086,87,15773,16065,0
086,88,16067,16369,3
086,89,16371,16560,3
086,90,16561,16587,0
086,90,16588,16599,0
086,90,16600,16834,3
086,91,16836,16963,0
086,92,17036,17162,0
086,92,17163,17270,31
086,95,72000,72119,0
086,96,72120,72153,0
086,96,72154,72241,0
086,97,72242,72295,0
086,98,72296,72403,0
086,98,72404,72466,0
086,99,7568,7746,0
086,100,7747,7894,12
086,101,7895,7999,1
086,102,8000,8168,1
086,105,8169,8229,0
086,105,8230,8238,0
086,106,5924,6110,0
086,107,6112,6320,1
086,108,6321,6415,0
086,109,6416,6506,1
086,110,6507,6648,0
086,111,6649,6815,1
086,112,6816,7198,5
086,113,7199,7450,2
086,114,7451,7543,0
086,118,542,842,0
086,120,1061,1159,0
086,121,1160,1364,0
086,122,1365,1439,0
086,123,1515,1700,0
086,124,1701,1879,0
086,124,1880,1890,0
086,125,1891,1994,0
086,126,1572,1825,0
086,127,2240,2451,0
086,128,2452,2808,0
086,130,4978,5181,0
086,131,5181,5293,0
086,132,6312,6569,0
086,133,6571,6751,0
086,134,6752,6902,1
086,135,6903,7053,0
086,136,5920,6058,0
086,137,6059,6099,0
086,137,6100,6213,0
086,138,6214,6399,0
086,139,6841,7190,0
086,140,7191,7269,0
086,141,7270,7452,0
086,142,7455,7823,0
086,143,7824,8038,0
086,144,13129,13210,0
086,144,13211,13336,0
086,145,13339,13523,0
086,146,13524,13712,0
086,147,13713,13843,0
086,148,13844,14050,0
086,150,14141,14329,0
257,1,154,252,0
257,2,253,345,0
257,4,426,530,0
257,5,531,598,0
257,6,599,708,0
257,7,709,825,0
257,8,827,841,0
257,9,842,909,0
257,10,910,1006,0
257,11,1007,1098,0
257,12,1099,1208,0
257,12,1209,1279,0
257,13,1280,1354,0
257,14,1355,1395,0
257,15,1396,1447,0
257,16,1448,1498,0
257,17,1499,1580,0
257,18,1581,1719,0
257,21,1789,1865,0
257,22,1866,1949,0
257,23,1950,2070,0
257,24,2071,2146,0
257,24,2147,2201,0
257,25,11319,11337,0
257,26,11342,11463,0
257,27,11464,11527,0
257,28,11528,11559,0
257,29,11560,11704,0
257,30,11705,11764,0
257,31,11765,11844,0
257,32,11845,12017,0
257,34,12018,12080,0
257,35,12081,12238,0
257,36,1406,1515,81
257,37,1438,1515,0
257,38,1516,1573,0
257,39,1574,1674,0
257,41,1675,1742,0
257,42,1743,1850,0
257,43,1851,2002,0
257,44,2003,2127,0
257,45,2128,2210,0
257,45,2211,2251,0
257,46,2252,2344,0
257,47,2345,2435,0
257,48,2436,2516,0
257,49,2517,2571,0
257,49,2572,2652,0
257,50,-1,-1,-1
257,51,2218,2393,0
257,53,2394,2515,0
257,54,2516,2658,0
257,56,2659,2741,0
257,57,2812,2894,0
257,58,2895,3043,0
257,59,3044,3121,0
257,60,3208,3344,0
257,61,3345,3423,0
257,62,3424,3548,0
257,63,8775,8797,0
257,64,8802,8912,0
257,65,8913,8984,0
257,66,8985,9058,0
257,67,9059,9209,0
257,68,9210,9362,0
257,70,9363,9427,0
257,71,9428,9548,0
257,72,-1,-1,-1
257,73,3320,3476,0
257,74,3477,3569,0
257,75,3570,3728,0
257,78,3799,3903,0
257,79,3550,3645,63
257,80,3584,3645,0
257,82,3698,3827,0
257,83,3828,3893,0
257,83,3894,3937,0
257,85,3999,4083,0
257,86,4084,4166,0
257,87,4167,4263,0
257,88,4332,4431,0
257,89,4432,4539,0
257,90,4540,4643,0
257,91,2203,2234,0
257,92,2235,2323,0
257,92,2324,2368,0
257,93,2369,2447,0
257,94,2448,2560,0
257,96,2561,2633,0
257,97,2634,2692,0
257,98,2693,2782,0
257,99,2783,2865,0
257,100,2866,2947,0
257,101,2948,3027,0
257,102,3028,3116,0
257,104,3220,3352,0
257,105,3353,3566,0
257,106,3567,3639,0
257,108,3744,3803,0
257,109,3804,3847,0
257,109,3848,3899,0
257,110,3900,3963,0
257,110,3964,4006,0
257,111,4007,4080,0
257,113,4132,4279,0
257,115,4280,4349,0
257,116,4350,4448,0
257,118,8145,8193,42
257,119,8155,8195,0
257,119,8196,8279,0
257,120,8280,8358,0
257,120,8359,8415,0
257,120,8416,8501,0
257,122,8502,8612,0
257,123,8613,8770,0
257,124,17673,17842,145
257,125,17731,17842,0
257,126,17843,17902,0
257,127,17903,18065,0
257,129,18066,18199,0
257,130,18200,18249,0
257,132,18293,18422,0
257,133,18423,18515,0
257,134,4645,4732,62
257,135,4672,4732,0
257,137,4814,4956,0
257,137,4957,5007,0
257,138,5011,5057,0
257,139,5058,5146,0
257,140,5147,5232,0
257,141,5233,5288,0
257,142,5359,5428,0
257,143,5429,5512,0
257,144,5513,5582,0
257,145,5583,5631,0
257,146,4624,4664,0
257,147,4669,4911,0
257,149,4912,5039,0
257,150,5040,5167,0
257,151,5168,5243,0
257,152,5244,5328,0
049,2,1058,1332,139
049,3,1333,1415,0
049,4,1416,1478,0
049,5,1479,1708,0
049,6,1709,1941,0
049,7,1943,2042,0
049,8,2044,2192,0
049,9,2193,2265,0
049,10,2266,2444,0
049,12,565,618,0
049,13,635,719,6
049,15,736,817,1
049,16,833,941,12
049,17,952,1007,0
049,18,1024,1152,12
049,19,1201,1316,13
049,20,1343,1495,12
049,21,1496,1577,6
049,23,2116,2143,0
049,23,2144,2228,6
049,25,2265,2332,6
049,26,2333,2453,12
049,27,2481,2556,6
049,28,2584,2622,6
049,29,2623,2666,6
049,29,2667,2672,0
049,30,2673,2741,6
049,32,2742,2967,18
049,34,3004,3104,6
049,35,3132,3164,0
049,35,3165,3329,18
049,37,3330,3399,6
049,38,3427,3550,6
049,39,3551,3637,12
049,40,3638,3725,6
049,41,3759,3871,6
049,43,3872,3972,12
049,44,3973,4078,6
049,45,4085,4249,12
049,46,4250,4327,6
049,46,4328,4420,12
049,49,4421,4468,6
049,50,4168,4334,0
049,51,4335,4448,0
049,52,4452,4635,0
049,53,4636,4745,0
049,54,4749,4838,0
049,55,4839,4966,0
049,56,4967,5103,0
049,57,5104,5194,0
049,58,5215,5327,0
049,59,5328,5459,0
049,60,5463,5559,0
049,61,5560,5617,0
049,62,5618,5660,0
049,63,5661,5746,0
049,64,5747,5818,0
049,65,5822,5924,0
049,67,996,1122,0
049,68,1123,1227,0
049,69,1268,1340,0
049,70,1341,1422,0
049,71,1423,1537,0
049,72,1538,1633,0
049,73,1634,1726,0
049,74,1727,1853,0
049,75,1854,1929,0
049,75,1932,1986,0
049,76,1987,2118,0
049,76,2119,2258,0
049,77,2259,2365,0
049,77,2366,2471,0
049,78,2472,2517,0
049,79,2564,2670,0
049,80,2671,2814,0
049,81,2671,2814,0
049,82,2815,2952,0
049,83,2815,2952,0
049,84,2953,3141,0
049,85,2953,3141,0
049,86,3142,3224,0
049,86,3225,3302,0
049,87,3326,3372,0
049,88,3373,3459,0
049,89,3460,3562,0
049,90,3460,3562,0
049,91,1454,1567,0
049,92,1568,1629,0
049,93,1630,1730,0
049,94,1731,1901,0
049,95,1731,1901,0
049,96,1902,1939,0
049,97,1940,1994,0
049,98,1995,2235,0
049,99,1995,2235,0
049,100,2236,2366,0
049,101,2367,2510,0
049,102,2511,2737,0
049,103,1083,1133,0
049,104,1134,1189,0
049,105,1190,1318,0
049,106,1319,1418,0
049,107,1419,1486,0
049,108,1488,1604,0
049,109,1605,1671,0
049,110,1672,1799,0
049,111,1800,1866,0
049,112,1867,1947,0
049,113,1948,2015,0
049,114,2017,2105,0
049,114,2106,2211,0
049,115,2212,2263,0
049,116,3007,3130,0
049,117,3742,3801,0
049,118,3802,3969,0
049,119,3970,4053,0
049,120,4055,4165,0
049,121,4169,4333,0
049,122,4334,4446,0
049,123,4334,4446,0
049,124,4448,4627,0
049,125,4628,4724,0
049,126,4726,4988,0
049,127,4726,4988,0
049,128,4990,5077,0
049,129,5078,5172,0
049,130,5173,5263,0
049,132,5264,5298,0
049,133,5299,5484,0
049,134,5486,5624,0
049,135,5625,5689,0
049,137,5690,5736,0
049,138,5737,5772,0
049,139,5773,5819,0
049,140,5820,5902,0
049,141,5903,5994,0
049,142,5996,6092,0
049,143,6093,6259,0
049,144,6260,6292,0
049,145,6293,6358,0
049,146,6359,6464,0
049,147,6466,6522,0
049,148,6523,6615,0
049,149,6616,6674,0
049,150,6675,6772,0
137,1,758,928,0
137,2,929,1026,0
137,3,1027,1160,0
137,4,1178,1282,0
137,5,1283,1363,0
137,6,1364,1440,0
137,7,5479,5557,0
137,8,5558,5774,0
137,9,5775,5840,0
137,10,5841,5943,0
137,11,6121,6220,0
137,12,6479,6628,0
137,13,2411,2494,0
137,14,2495,2549,0
137,15,2550,2756,0
137,16,2757,2935,0
137,17,3167,3285,0
137,18,5547,5555,0
137,18,5556,5636,0
137,19,5637,5688,0
137,20,5705,5713,0
137,20,5714,5914,0
137,21,5915,5923,0
137,21,5924,6023,0
137,22,6024,6164,0
137,23,6165,6239,0
137,24,11277,11426,0
137,25,11427,11508,0
137,26,11510,11802,0
137,27,11955,12063,0
137,28,12065,12304,0
137,29,12305,12462,0
137,30,12463,12613,0
137,31,12652,12738,0
137,32,12739,12857,0
137,33,12858,12951,0
137,34,12952,13012,0
137,35,13013,13168,0
137,36,13169,13241,0
137,37,13242,13330,0
137,38,13332,13439,0
137,39,13441,13564,0
137,40,13565,13671,0
137,41,13672,13767,0
137,42,13769,13963,0
137,43,13964,14029,0
137,44,14031,14220,0
137,44,14221,14298,0
137,45,14300,14413,0
137,46,14414,14614,0
137,47,14616,14784,0
137,47,14785,14840,0
137,48,14841,14974,0
137,49,14976,15129,0
137,50,15130,15288,0
137,51,15289,15457,0
137,52,15458,15583,0
137,53,15584,15730,0
137,54,15732,15922,0
137,55,15923,16000,0
137,56,16002,16198,0
137,57,16200,16314,0
137,58,16316,16422,0
137,59,16468,16640,0
137,60,16642,16864,0
137,61,16866,16978,0
137,62,16979,17103,0
137,63,17105,17278,0
137,64,17280,17417,0
137,65,17516,17745,0
137,66,17747,17883,0
137,67,17884,17939,0
137,68,17941,18107,0
137,69,18108,18179,0
137,70,18181,18308,0
137,71,18310,18415,0
137,72,18416,18497,0
137,73,18551,18812,0
137,74,18814,18899,0
137,74,18900,18954,0
137,75,18956,19128,0
137,76,19129,19200,0
137,77,19201,19323,0
137,77,19324,19432,0
137,78,19433,19617,0
137,79,19618,19807,0
137,80,19808,20049,0
137,81,20050,20111,0
137,82,20112,20257,0
137,83,21146,21304,0
137,83,21305,21381,0
137,84,21383,21532,0
137,84,21533,21585,0
137,85,21586,21710,0
137,86,21901,22040,0
137,87,22460,22684,0
137,88,22902,23033,0
137,88,23190,23277,0
137,89,23414,23470,0
137,90,23472,23607,0
137,91,23609,23785,0
137,92,23786,23848,0
137,93,24005,24145,0
137,94,24147,24256,0
137,95,24257,24427,0
137,96,24705,24770,0
137,97,24771,24893,0
137,98,24894,25057,0
137,99,25106,25180,0
137,100,25181,25391,0
137,101,25392,25486,0
137,101,25487,25551,0
137,102,25553,25726,0
137,103,25727,25802,0
137,104,25803,25924,0
137,105,25925,26104,0
137,106,26256,26319,0
137,107,26321,26533,0
137,108,26534,26649,0
137,109,26651,26856,0
137,110,26857,26951,0
137,111,26953,27197,0
137,112,27199,27345,0
137,113,27347,27457,0
137,114,27509,27746,0
137,115,27748,27855,0
137,116,28016,28113,0
137,117,28114,28380,0
137,118,28382,28529,0
137,119,28530,28691,0
137,120,30255,30352,0
137,121,30353,30585,0
137,122,30587,30854,0
137,123,34897,34980,0
137,124,34982,35156,0
137,125,35382,35442,0
137,126,35444,35516,0
137,127,35577,35609,0
137,128,35610,35680,0
137,129,35681,35738,0
137,130,35739,35802,0
137,131,35935,36032,0
137,132,36033,36146,0
137,133,36148,36419,0
137,134,36425,36543,0
137,135,37551,37739,0
055,1,2532,2589,0
055,2,2591,2680,0
055,3,3035,3180,0
055,5,1494,1646,0
055,6,2838,2965,0
055,7,4451,4536,0
055,7,4537,4610,0
055,8,6539,6645,0
055,8,6646,6716,0
055,9,10144,10269,0
055,10,6762,6874,0
055,11,6876,6960,0
055,12,7097,7262,0
055,13,7263,7465,0
055,14,7467,7567,0
055,15,7568,7703,0
055,16,7736,7900,0
055,17,7936,8034,0
055,19,8112,8230,0
055,20,8232,8278,0
055,21,8279,8423,0
055,21,8424,8487,0
055,22,8424,8486,0
055,23,8488,8608,0
055,24,8609,8862,0
055,25,8863,8954,0
055,26,8955,9192,0
055,27,9194,9307,0
055,28,9308,9393,25
055,28,9308,9393,60
055,30,9498,9599,0
055,31,10164,10184,0
055,31,10185,10357,0
055,32,10358,10609,0
055,33,10610,10748,0
055,34,10750,10888,0
055,35,10890,10967,0
055,36,10968,11029,0
055,37,11257,11381,0
055,38,11382,11483,0
055,39,11484,11672,80
055,39,11437,11671,156
055,40,11673,11791,0
055,43,12208,12336,0
055,44,12338,12449,0
055,45,12450,12713,0
055,46,12715,12812,0
055,47,12814,13015,0
055,48,13387,13487,0
055,49,13528,13759,0
055,50,8068,8110,34
055,50,8078,8110,0
055,51,9395,9496,0
055,52,12010,12207,122
055,52,12088,12206,0
055,53,360,569,0
055,54,570,800,0
055,55,802,980,0
055,56,1018,1170,0
055,57,1172,1267,0
055,58,1268,1314,0
055,58,1315,1323,0
055,59,1325,1416,0
055,60,1417,1481,0
055,60,1482,1489,0
055,61,1692,1745,0
055,62,1746,1816,0
055,63,2020,2210,0
055,64,2212,2387,0
055,65,2389,2449,0
055,66,2561,2713,0
055,67,2715,2829,0
055,68,2830,2954,0
055,69,2956,3114,0
055,70,3116,3262,0
055,71,3263,3433,0
055,72,3434,3583,0
055,73,3584,3700,0
055,74,3701,3805,0
055,75,802,981,0
055,75,982,1017,0
055,76,3939,3966,0
055,76,3967,3979,0
055,76,3980,4089,0
055,77,4091,4235,0
055,78,4236,4312,0
055,79,4313,4385,0
055,80,4386,4452,0
055,81,4454,4599,0
055,82,4313,4385,0
055,82,4386,4452,0
055,83,4868,4948,0
055,83,4949,5080,0
055,84,3829,3902,0
055,84,3903,3937,0
055,85,5186,5318,0
055,87,5382,5490,0
055,88,5492,5548,0
055,89,5559,5593,0
055,90,5595,5685,0
055,91,5726,5904,0
055,92,5905,5996,0
055,93,14132,14282,0
055,93,14283,14343,0
055,93,14344,14354,0
055,94,6179,6306,0
055,95,5559,5594,0
055,95,5595,5685,0
055,96,6487,6610,0
055,97,2247,2347,0
055,99,2601,2681,0
055,100,2706,2746,0
055,101,2747,2931,0
055,102,2951,3101,0
055,103,3102,3199,0
055,104,14365,14468,0
055,104,14469,14531,0
055,105,5687,5725,0
055,105,5726,5903,0
055,106,3364,3537,0
055,107,3538,3578,0
055,108,3579,3691,0
055,109,3693,3774,0
055,110,3805,3905,0
055,111,13387,13487,0
055,111,13488,13526,0
055,113,4149,4230,0
055,114,4231,4272,0
055,115,17104,17171,0
055,116,6179,6306,0
055,116,6307,6486,0
055,117,4790,4965,0
055,118,4966,5031,0
055,119,5032,5117,0
055,120,5119,5213,0
055,121,6986,7093,0
055,121,7094,7227,0
055,122,5300,5449,0
055,123,5450,5637,0
055,124,5639,5861,0
055,125,5863,5987,0
055,126,5989,6044,0
055,127,6046,6233,0
055,128,6235,6311,0
055,129,6355,6460,0
055,130,6462,6536,0
055,131,6538,6634,0
055,132,6636,6804,0
055,133,6806,6954,0
055,134,1993,2100,0
055,135,2102,2292,0
055,136,2294,2438,0
055,137,2440,2559,0
055,138,2560,2669,0
055,139,2670,2713,0
055,140,2715,2873,0
055,141,2874,3092,0
055,142,3094,3221,0
055,143,3223,3421,0
055,144,3423,3603,0
055,145,3621,3660,0
055,146,3661,3858,0
055,147,3859,4015,0
055,148,4016,4180,0
055,149,4198,4306,0
148,1,221,361,2
148,2,362,540,2
148,3,541,680,2
148,4,683,819,2
148,5,820,1029,3
148,8,1049,1166,2
148,9,1167,1321,2
148,10,1342,1461,2
148,11,1462,1568,1
148,12,1569,1669,1
148,13,1671,1762,1
148,14,1766,1853,1
148,15,1854,1964,2
148,16,1965,2012,0
148,17,2014,2351,4
148,18,2352,2475,1
148,19,2476,2616,2
148,19,2617,2692,1
148,20,2695,2875,3
148,21,2876,2959,1
148,22,2960,3033,1
148,23,3034,3198,2
148,24,3199,3232,0
148,24,3234,3344,1
148,25,3345,3527,2
148,26,3528,3662,2
148,27,3663,3844,3
148,28,3663,3844,3
148,29,1966,1999,0
148,29,2000,2059,0
148,30,1684,1855,0
148,31,1856,1964,0
148,32,2061,2202,0
148,33,2203,2274,0
148,34,2275,2475,0
148,36,2547,2756,0
148,37,2757,2896,0
148,38,4861,5010,0
148,39,5011,5166,0
148,40,5679,5901,0
148,41,6777,6834,0
148,42,6836,7006,0
148,43,7007,7204,0
148,44,7205,7454,0
148,45,7456,7559,0
148,46,7560,7786,0
148,47,6058,6178,0
148,48,6193,6339,0
148,49,6340,6473,0
148,50,6474,6559,0
148,51,6563,6627,0
148,52,6631,6710,0
148,53,6711,6834,0
148,54,6835,6958,0
148,55,6959,7078,0
148,56,7079,7244,0
148,57,7245,7314,0
148,58,7318,7406,0
148,59,7410,7537,0
148,60,7410,7537,0
148,61,7538,7689,0
148,62,7690,7855,0
148,63,7856,7928,0
148,64,7932,8039,0
148,65,8040,8156,0
148,66,8157,8226,0
148,67,8227,8350,0
148,68,6793,6976,0
148,69,6977,7161,0
148,70,7162,7281,0
148,71,7282,7390,0
148,72,7391,7460,0
148,73,7462,7641,0
148,74,7642,7706,0
148,75,7707,7809,0
148,76,7811,7926,0
148,78,8004,8097,0
148,78,8098,8190,0
148,79,8191,8334,0
148,80,8336,8519,0
148,81,8520,8687,0
148,82,8520,8687,0
148,83,9476,9520,0
148,83,9521,9593,0
148,84,9594,9706,0
148,85,9707,9814,0
148,86,9935,9993,0
148,87,9994,10189,0
148,88,9994,10189,0
148,89,10273,10448,0
148,89,10449,10480,0
148,90,10482,10523,0
148,90,10524,10652,0
148,91,11204,11311,0
148,92,11312,11363,0
148,93,11414,11533,0
148,94,11534,11707,0
148,95,11708,11889,0
148,96,11891,11970,0
148,97,12649,12777,0
148,98,14673,14813,0
148,99,14814,14986,0
148,100,14987,15045,0
148,101,15046,15155,0
148,102,15156,15303,0
148,103,15304,15476,0
148,104,15477,15550,0
148,105,15552,15611,0
148,106,16386,16467,0
148,107,-1,-1,-1
148,108,16532,16601,0
148,108,16602,16676,0
148,109,16677,16876,0
148,110,16877,16965,0
148,110,16966,17056,0
148,111,17203,17485,0
148,112,17486,17643,0
148,113,17644,17766,0
148,113,17767,17832,0
148,116,768,889,0
148,117,890,1036,0
148,117,1037,1134,0
148,118,1384,1432,0
148,119,1433,1591,0
148,120,1592,1686,0
148,121,1686,1966,0
148,122,1967,2101,0
148,123,2103,2143,0
148,123,-1,-1,-1
148,124,2103,2143,0
148,124,-1,-1,-1
148,125,2103,2143,0
148,125,-1,-1,-1
148,126,3330,3604,1
148,127,3758,4189,6
148,128,4192,4351,0
148,129,4351,4520,0
148,130,6008,6045,0
148,130,6046,6155,0
148,131,6156,6297,0
148,132,7849,7869,0
148,132,7870,8040,0
148,133,8043,8109,0
148,133,8112,8123,0
148,133,8127,8307,0
148,134,8310,8428,0
148,135,8429,8516,0
148,136,8764,8917,0
148,137,8918,8989,0
148,138,8990,9109,0
148,139,9110,9169,0
148,140,9589,9613,0
148,140,9615,9781,0
148,141,9589,9613,0
148,141,9615,9781,0
148,142,9784,9943,0
148,143,9944,10024,0
148,144,10709,10822,0
148,145,10823,10905,0
148,146,10967,11047,0
148,147,11048,11150,0
148,148,11151,11183,0
148,148,11184,11258,0
148,149,11359,11453,0
148,150,11454,11544,0
148,151,11547,11717,0
148,152,11718,11789,0
148,152,11790,11858,0
138,1,1046,1187,0
138,2,1188,1321,0
138,3,1322,1366,0
138,4,1412,1499,0
138,5,1500,1625,0
138,6,3567,3732,0
138,7,3733,3923,0
138,8,3924,3984,0
138,9,3985,4124,0
138,10,4125,4206,0
138,11,1312,1384,0
138,12,1385,1490,0
138,13,1655,1796,0
138,14,1797,1883,0
138,15,4611,4813,0
138,16,5925,6009,0
138,17,6010,6073,0
138,18,6074,6124,0
138,18,6125,6189,0
138,19,6190,6294,0
138,19,6295,6298,0
138,20,6302,6389,0
138,21,6390,6471,0
138,22,6530,6592,0
138,22,6593,6630,0
138,23,6631,6728,0
138,24,6729,6793,0
138,25,6794,6869,0
138,26,6870,6937,0
138,27,6939,6947,0
138,27,6948,7054,0
138,27,7055,7153,0
138,28,7154,7213,0
138,29,7217,7225,0
138,29,7226,7463,0
138,30,7464,7667,0
138,31,7668,7789,0
138,32,7793,7801,0
138,32,7802,7862,0
138,33,8159,8228,0
138,34,8229,8285,0
138,35,8286,8381,0
138,36,8382,8443,0
138,37,8444,8522,0
138,37,8523,8544,0
138,38,8545,8660,0
138,39,8662,8797,0
138,40,8798,8918,0
138,41,8919,8927,0
138,41,8928,8952,0
138,42,8953,9066,0
138,43,9070,9166,0
138,44,9167,9341,0
138,45,9342,9490,0
138,46,9494,9690,0
138,47,9691,9807,0
138,48,10083,10156,0
138,49,10160,10269,0
138,50,10270,10336,0
138,51,10337,10435,0
138,52,10479,10544,0
138,53,10545,10693,0
138,54,10694,10785,0
138,55,10802,10864,0
138,56,10865,11034,0
138,57,11035,11162,0
138,58,11163,11257,0
138,59,11261,11317,0
138,60,11318,11458,0
138,61,11459,11580,0
138,62,11581,11708,0
138,63,11729,11797,0
138,64,11798,11897,0
138,65,11898,11977,0
138,66,11978,12050,0
138,67,12051,12130,0
138,68,13517,13701,0
138,69,13702,14039,0
138,70,14042,14195,0
138,71,14196,14425,0
138,72,14455,14512,0
138,73,14513,14664,0
138,74,14665,14786,0
138,75,14787,14818,0
138,76,14821,15062,0
138,77,15063,15149,0
138,78,6224,6414,0
138,79,6415,6476,0
138,80,6477,6629,0
138,81,6631,6836,0
138,82,6837,7028,0
138,83,7030,7081,0
138,84,7136,7219,0
138,85,7221,7343,0
138,86,7385,7516,0
138,87,7555,7694,0
138,88,7695,7780,0
138,89,7781,7934,0
138,90,7944,8235,0
138,91,8236,8403,0
138,92,8404,8511,0
138,92,2274,2287,0
138,93,8543,8718,0
138,94,8719,8782,0
138,94,6468,6476,0
138,95,8792,8841,0
138,96,8846,8909,0
138,97,8967,9189,0
138,98,5310,5381,0
138,99,5382,5489,0
138,100,5490,5593,0
138,101,5595,5718,0
138,102,5719,5845,0
138,103,13580,13691,0
138,104,13692,13766,0
138,105,13767,13911,0
138,106,13913,13993,0
138,106,13994,14057,0
138,107,14058,14209,0
138,108,14210,14316,0
138,109,15759,15900,0
138,110,15901,16001,0
138,110,16002,16226,0
138,111,16398,16597,0
138,112,16953,17096,0
138,113,17097,17173,0
138,113,17174,17324,0
138,114,17424,17544,0
138,114,17545,17687,0
138,115,5115,5217,0
138,115,5218,5415,0
138,116,5570,5675,0
138,117,5877,5954,0
138,117,5955,6096,0
138,118,6682,6887,0
138,119,7559,7783,0
138,120,7784,7895,0
138,121,7896,8060,0
138,122,8061,8275,0
138,123,8450,8535,0
138,123,8536,8593,0
138,124,9494,9553,0
138,124,9554,9605,0
138,125,9667,9710,0
138,126,9711,9810,0
138,127,8276,8366,0
138,128,11846,11927,0
138,129,11928,11982,0
138,130,11983,12161,0
138,131,12162,12285,0
138,132,12287,12415,0
138,133,12416,12585,0
138,134,12586,12680,0
138,135,15152,15293,0
246,1,2717,3050,9
246,2,3065,3347,9
246,3,3348,3544,6
246,3,3548,3581,0
246,4,3586,3655,3
246,5,3656,3890,6
246,6,3895,4036,3
246,7,4040,4105,0
246,8,4109,4181,0
246,9,4185,4294,3
246,10,4299,4356,0
246,11,4357,4779,15
246,12,4783,5020,6
246,13,1214,1401,0
246,14,1402,1679,1
246,15,1681,1856,0
246,16,1862,2070,0
246,17,10803,10941,0
246,17,10942,11003,0
246,18,11004,11205,0
246,19,11284,11544,0
246,20,11545,11671,0
246,21,11672,11823,0
246,22,11824,11867,0
246,23,11868,11991,0
246,24,11992,12048,0
246,25,12289,12386,0
246,26,12494,12798,0
246,27,12901,12993,11
246,28,12995,13109,0
246,29,13111,13186,0
246,29,13187,13224,0
246,29,13225,13287,0
246,29,13288,13321,0
246,30,13323,13434,0
246,31,13436,13531,0
246,31,13532,13567,0
246,32,13569,13719,0
246,33,13720,13776,0
246,33,13777,13818,0
246,34,13819,13862,0
246,34,13863,13890,1
246,35,13891,13958,0
246,35,13959,13990,0
246,36,13991,14065,0
246,37,14066,14127,0
246,38,14128,14286,0
246,39,14287,14388,0
246,40,14389,14437,0
246,40,14438,14480,0
246,41,14481,14536,0
246,42,14538,14724,0
246,43,14725,14793,0
246,44,14794,14918,0
246,45,14919,15055,0
246,46,15057,15171,0
246,47,15173,15272,0
246,48,15274,15312,0
246,48,15313,15410,0
246,49,15411,15489,0
246,50,15490,15620,0
246,51,15621,15726,0
246,52,15728,15869,0
246,53,15870,15936,0
246,54,16040,16085,0
246,54,16086,16165,0
246,54,16166,16204,0
246,54,16205,16250,0
246,54,16251,16448,0
246,55,16450,16527,0
246,55,16528,16594,0
246,56,16596,16642,0
246,57,16644,16732,0
246,57,16733,16802,0
246,58,16804,16935,0
246,59,16937,17077,0
246,60,17122,17160,0
246,60,17161,17304,0
246,61,17350,17515,0
246,62,17517,17725,1
246,63,17726,17824,0
246,64,17825,17885,0
246,65,17887,18159,0
246,66,18160,18301,0
246,67,18380,18429,0
246,67,18430,18484,0
246,68,18485,18544,0
246,69,18545,18710,8
246,70,18711,18816,0
246,71,18982,19088,0
246,71,19089,19117,0
246,72,19118,19170,0
246,73,19171,19303,1
246,74,19304,19377,0
246,75,19422,19473,0
246,76,19474,19548,0
246,77,19549,19603,0
246,78,19604,19687,0
246,79,19689,19936,0
246,80,19938,20029,0
246,81,20030,20128,0
246,82,20129,20238,0
246,83,20240,20295,0
246,84,20297,20383,0
246,85,20385,20537,0
246,86,20538,20640,0
246,87,20642,20750,0
246,87,20751,20792,0
246,88,20794,20868,0
246,88,20869,20953,0
246,89,20955,21058,0
246,90,21059,21109,0
246,91,21110,21218,0
246,92,21220,21274,0
246,92,21275,21462,0
246,93,21463,21664,0
246,94,21666,21831,0
246,95,4269,4330,0
246,96,4331,4417,0
246,97,4418,4504,0
246,98,4505,4612,0
246,99,4614,4681,0
246,100,4682,4842,0
246,101,4843,5002,0
246,102,5004,5167,0
246,103,5168,5277,0
246,104,5278,5425,0
246,105,3814,3949,0
246,106,3950,4018,0
246,107,4019,4062,0
246,108,4063,4267,0
246,109,4547,4591,0
246,110,4592,4732,0
246,111,4733,4947,0
246,112,4951,5022,0
246,113,5023,5179,0
246,114,5182,5555,0
246,115,5556,5673,0
246,116,5674,5952,0
246,117,5953,6025,0
246,118,6066,6273,0
246,119,6274,6355,0
246,120,6356,6609,0
246,121,6610,6823,0
246,122,6825,6834,0
246,122,6835,7061,0
246,123,7905,8047,0
246,124,8048,8150,0
246,125,8151,8237,0
246,126,8238,8422,0
246,127,8423,8604,0
246,128,8643,8790,0
246,129,8791,8877,0
246,130,8878,9014,0
246,131,9085,9204,0
246,132,9206,9341,0
246,133,9342,9393,0
246,134,9567,9689,0
246,135,9691,9731,0
246,135,9732,10013,0
246,136,10014,10189,0
246,137,10190,10262,0
