2010,1,1140,1394,10
2010,2,1961,2142,0
2010,3,1395,1549,0
2010,7,4561,4643,0
2010,7,4644,4696,0
2010,8,4697,4734,0
2010,8,4735,4810,0
2010,9,4854,4925,0
2010,9,4926,4980,0
2010,10,4981,5117,0
2010,11,10161,10249,0
2010,12,10250,10565,0
2010,13,2216,2422,0
2010,14,1785,1960,0
2010,15,2786,2902,0
2010,16,854,899,0
2010,16,900,964,0
2010,18,2903,3119,0
2010,19,2816,3091,0
2010,20,3092,3326,0
2010,21,3327,3492,0
2010,22,3493,3701,0
2010,23,3702,3773,0
2010,24,3776,4054,0
2010,25,4055,4323,0
2010,26,4324,4549,0
2010,27,4623,4876,0
2010,28,4877,4949,0
2010,29,1421,1498,0
2010,29,1499,1538,0
2010,30,1579,1636,0
2010,31,-1,-1,-1
2010,31,-1,-1,-1
2010,32,5298,5408,0
2010,33,5817,5995,0
2010,34,2098,2282,0
2010,35,2283,2383,0
2010,36,2384,2444,0
2010,36,2445,2500,0
2010,37,2502,2545,0
2010,37,2546,2745,0
2010,38,2943,3028,0
2010,39,3029,3113,0
2010,40,3114,3191,0
2010,41,6222,6376,0
2010,42,6421,6523,0
2010,43,3223,3335,0
2010,43,3336,3405,0
2010,44,6524,6699,0
2010,46,8302,8391,0
2010,47,7007,7104,0
2010,48,8404,8531,0
2010,49,3853,3969,0
2010,50,8630,8733,0
2010,50,8734,8896,0
2010,51,4858,4942,0
2010,51,4943,5040,0
2010,52,-1,-1,-1
2010,53,7497,7619,0
2010,54,7620,7868,0
2010,55,13320,13433,0
2010,56,11512,11636,0
2010,56,11637,11674,0
2010,57,11675,11850,0
2010,58,11851,11923,0
2010,59,11926,12207,0
2010,60,12526,12676,0
2010,61,12677,12849,0
2010,62,12850,12982,0
2010,63,12983,13214,0
2010,64,13529,13626,0
2010,65,13627,13781,0
2010,66,14133,14274,0
2010,67,5450,5515,0
2010,67,5516,5591,0
2010,68,5592,5765,0
2010,68,-1,-1,-1
2010,69,6031,6096,0
2010,69,6097,6191,0
2010,70,29637,29848,0
2010,71,29849,29915,0
2010,72,29917,30148,0
2010,73,30149,30487,0
2010,86,30914,31016,0
2010,87,31018,31070,0
2010,88,31071,31348,1
2010,89,31499,31624,0
2010,90,31626,31784,0
2010,91,31785,31956,0
2010,93,954,1210,0
2010,94,32760,32866,0
2010,95,32867,33128,0
2010,96,33129,33279,0
2010,97,7223,7375,0
2010,98,7376,7528,0
2010,99,7529,7637,0
2010,100,7721,7917,0
2010,101,7918,8185,0
2031,1,1594,1720,0
2031,2,1721,1906,0
2031,3,1907,2011,0
2031,4,2013,2268,0
2031,5,2269,2461,0
2031,7,4428,4588,0
2031,7,4021,4255,0
2031,8,4863,5070,0
2031,10,5071,5111,0
2031,11,5116,5193,0
2031,11,5194,5311,0
2031,14,3874,4110,0
2031,15,4111,4234,0
2031,16,8361,8538,0
2031,16,8539,8709,0
2031,17,9472,9593,0
2031,18,9594,9733,0
2031,19,16951,17071,0
2031,20,5760,5818,0
2031,20,5819,6020,0
2031,21,6021,6128,0
2031,22,6130,6202,0
2031,23,6203,6446,0
2031,24,6448,6715,0
2031,26,745,845,0
2031,27,846,926,0
2031,28,1758,1853,0
2031,29,1854,2037,0
2031,30,2039,2151,0
2031,30,2152,2398,0
2031,31,2399,2548,0
2031,31,2549,2619,0
2031,32,2620,2717,0
2031,32,2718,2891,0
2031,33,2892,3030,0
2031,33,3031,3179,0
2031,34,3180,3286,0
2031,35,3288,3476,0
2031,36,3975,4067,0
2031,37,4068,4333,0
2031,38,7949,8158,0
2031,39,8159,8373,0
2031,40,8374,8701,0
2031,41,8703,8763,0
2031,41,8764,8833,0
2031,42,8834,8980,0
2031,43,8981,9304,0
2031,44,9306,9398,0
2031,45,9399,9532,0
2031,46,9533,9738,0
2031,47,9739,9946,0
2031,48,9948,10227,0
2031,49,10228,10342,0
2031,49,10343,10417,0
2031,51,11102,11195,0
2031,51,11196,11375,0
2031,52,11790,11927,0
2031,53,5995,6244,0
2031,54,6246,6598,0
2031,55,6599,6766,0
2031,56,6768,6855,0
2031,56,6856,7010,0
2031,57,7012,7071,0
2031,60,3883,3933,0
2031,60,3934,3990,0
2031,61,3991,4081,0
2031,62,4082,4137,0
2031,63,4138,4242,0
2031,64,4243,4311,0
2031,65,4327,4412,0
2031,66,4413,4522,0
2031,67,4523,4659,0
2031,69,4661,5743,9
2031,70,14868,14974,0
2031,70,14977,15169,0
2031,71,7912,7971,0
2031,71,7972,8050,0
2031,72,8051,8162,0
2031,73,8716,8851,0
2031,75,479,623,0
2031,76,624,753,0
2031,77,754,901,0
2031,78,1413,1639,0
2031,78,1640,1687,1
2031,79,1688,1920,0
2031,80,3762,3920,0
2031,81,4401,4510,0
2031,82,4933,5124,0
2031,83,5125,5180,0
2031,84,5184,5429,0
2031,85,5430,5573,0
2031,86,5840,6028,0
2031,87,6029,6170,0
2031,88,11398,11674,0
2031,89,11675,11754,0
2031,90,11755,11830,0
2031,91,11933,12058,0
2031,92,12059,12282,0
2031,93,12284,12425,0
2031,94,12426,12579,0
2031,95,12580,12774,0
2031,96,12776,13048,0
2031,97,13049,13177,0
2031,98,15320,15452,0
2031,99,15453,15683,0
2026,1,1655,1728,0
2026,2,1729,1784,0
2026,3,1785,1847,0
2026,4,1848,2046,0
2026,5,2047,2170,0
2026,5,2171,2224,0
2026,6,2655,2751,0
2026,7,2874,2992,0
2026,8,2993,3038,0
2026,9,3039,3193,0
2026,10,3194,3331,0
2026,11,1436,1580,0
2026,12,1585,1784,0
2026,13,1785,2001,0
2026,14,2002,2219,0
2026,16,6406,6459,0
2026,17,6460,6720,0
2026,18,6721,6847,0
2026,19,6848,6989,0
2026,20,6991,7171,0
2026,21,7173,7383,0
2026,22,7922,8174,0
2026,24,4225,4360,0
2026,25,4361,4371,0
2026,26,4373,4467,0
2026,27,4468,4589,0
2026,28,4590,4671,0
2026,29,4749,4856,0
2026,30,5340,5432,0
2026,31,5433,5541,0
2026,32,14636,14661,0
2026,33,14664,14804,0
2026,34,14807,14986,0
2026,35,14987,15071,0
2026,36,15072,15201,0
2026,37,15202,15430,0
2026,38,15431,15645,0
2026,39,15646,15874,0
2026,40,15875,16009,0
2026,42,16042,16114,0
2026,42,16115,16181,0
2026,43,16182,16224,0
2026,44,16225,16291,0
2026,45,16363,16435,0
2026,46,16539,16704,0
2026,47,16705,16798,0
2026,48,17040,17174,0
2026,50,2775,2892,0
2026,51,2893,3175,0
2026,52,3176,3299,0
2026,53,3304,3355,0
2026,54,3356,3643,0
2026,55,3644,3783,0
2026,56,3785,3867,0
2026,56,3868,3963,0
2026,57,3964,4162,0
2026,59,8281,8475,0
2026,60,8476,8571,0
2026,60,8572,8712,0
2026,61,8714,8922,0
2026,62,9220,9380,0
2026,64,9635,9831,0
2026,65,10401,10467,0
2026,65,10468,10512,0
2026,66,10562,10663,0
2026,67,10664,10764,0
2026,67,10765,10869,0
2026,68,10870,10970,0
2026,70,18783,19015,0
2026,71,19479,19660,0
2026,72,21513,21654,0
2026,73,21723,21845,0
2026,74,21915,22005,0
2026,75,22126,22246,0
2026,76,11298,11320,0
2026,77,11321,11367,0
2026,78,11368,11584,0
2026,79,12474,12682,0
2026,81,4817,4850,0
2026,82,4852,5091,0
2026,83,5092,5257,0
2026,84,5258,5483,0
2026,85,5484,5614,0
2026,86,5615,5718,0
2026,87,5719,5843,0
2026,88,5844,6046,0
2026,89,6048,6288,0
2026,90,6708,6830,0
2026,91,6831,6906,0
2026,92,6907,7007,0
2026,93,7163,7217,0
2026,94,7219,7312,0
2026,94,7377,7432,0
2026,95,7433,7603,0
2026,96,7604,7652,0
2026,96,7653,7675,0
2026,97,7676,7753,0
2026,98,8440,8540,0
2026,98,8541,8637,0
2026,99,23199,23326,0
2026,100,23329,23444,0
2026,101,23883,24021,0
2026,102,24022,24160,0
2026,103,24161,24246,0
2026,104,24247,24468,0
2004,1,219,371,0
2004,2,372,547,0
2004,3,-1,-1,-1
2004,4,1357,1656,0
2004,5,1658,1895,0
2004,6,1897,2052,0
2004,7,2053,2135,0
2004,8,2136,2226,0
2004,9,2227,2322,0
2004,10,2323,2402,0
2004,11,3053,3276,0
2004,12,3277,3573,1
2004,13,3574,3817,0
2004,14,3818,3893,0
2004,15,3895,3935,0
2004,16,3936,4015,0
2004,17,4017,4210,0
2004,18,4211,4426,0
2004,19,4427,4489,0
2004,20,4490,4561,0
2004,21,4563,4677,0
2004,22,4678,4779,0
2004,23,4949,5095,0
2004,24,5097,5384,0
2004,25,5385,5534,0
2004,26,5587,5731,0
2004,26,5732,5838,0
2004,27,2244,2412,0
2004,28,-1,-1,-1
2004,29,-1,-1,-1
2004,30,2805,2960,0
2004,31,-1,-1,-1
2004,32,2928,3225,161
2004,33,3226,3339,0
2004,34,3340,3560,0
2004,34,-1,-1,-1
2004,35,1629,1713,0
2004,36,1714,1777,0
2004,37,1780,1850,25
2004,38,1825,1850,0
2004,39,1851,1917,0
2004,40,1918,1958,0
2004,41,1959,2014,0
2004,42,2016,2066,0
2004,43,-1,-1,-1
2004,44,2131,2180,0
2004,44,2181,2220,0
2004,45,2222,2347,0
2004,46,2348,2429,0
2004,47,2433,2491,0
2004,48,2492,2571,0
2004,49,2572,2699,0
2004,50,2703,2764,0
2004,51,2765,2846,0
2004,52,2847,2963,0
2004,53,2966,3087,0
2004,54,3088,3150,0
2004,55,3151,3228,0
2004,56,3231,3394,0
2004,57,3395,3601,0
2004,57,-1,-1,-1
2004,58,3727,3915,0
2004,58,3918,3990,0
2004,59,3991,4143,0
2004,60,4145,4327,0
2004,61,4328,4435,0
2004,62,4438,4569,0
2004,63,4572,4728,0
2004,64,793,879,0
2004,65,880,970,0
2004,66,971,1097,0
2004,67,1098,1204,0
2004,68,1205,1305,0
2004,69,1306,1400,0
2004,70,1401,1535,0
2004,71,1536,1598,0
2004,72,1599,1696,0
2004,73,1713,1828,0
2004,74,1829,1864,0
2004,74,1865,1895,0
2004,75,1896,1975,0
2004,76,1976,2017,0
2004,77,2018,2092,0
2004,77,2093,2243,0
2004,78,2244,2324,0
2004,78,2325,2395,0
2004,79,2316,2594,80
2004,80,2595,2678,0
2004,80,2679,2765,0
2004,81,2766,2825,0
2004,82,2826,3019,0
2004,83,3021,3154,0
2004,84,3155,3223,0
2004,85,12483,12513,0
2004,85,12514,12535,0
2004,86,12536,12633,3
2004,86,12602,12633,0
2004,87,12634,12698,0
2004,88,12699,12742,0
2004,89,12743,12837,0
2004,90,12840,12991,0
2004,91,12992,13107,0
2004,92,13108,13210,0
2004,93,13211,13290,0
2004,94,13295,13407,0
2004,101,15823,15959,0
2004,102,15960,16044,0
2004,103,16045,16181,0
2004,104,16182,16350,0
2004,105,12659,12918,0
2027,4,0,197,0
2027,5,198,324,0
2027,6,325,368,0
2027,7,2627,2713,3
2027,8,657,874,0
2027,9,955,1083,0
2027,10,1084,1280,0
2027,11,1281,1384,0
2027,11,1385,1463,0
2027,12,1466,1526,0
2027,13,1666,1820,0
2027,14,1821,1895,0
2027,15,1371,1539,0
2027,16,6492,6706,0
2027,17,6781,6867,0
2027,18,6870,6956,0
2027,19,6958,7145,0
2027,20,7333,7394,0
2027,21,7468,7563,0
2027,23,7627,7787,0
2027,25,3635,3683,0
2027,26,9029,9078,0
2027,27,9080,9183,0
2027,28,9335,9424,0
2027,29,9819,9883,0
2027,30,9884,9978,0
2027,32,4293,4352,0
2027,32,4412,4478,0
2027,32,4352,4411,0
2027,33,4479,4669,0
2027,33,4670,4729,0
2027,34,-1,-1,-1
2027,34,-1,-1,-1
2027,35,11393,11588,0
2027,36,11589,11674,0
2027,37,11675,11768,0
2027,37,11769,11833,0
2027,38,10630,10737,0
2027,39,10883,11127,125
2027,40,11128,11323,4
2027,41,11324,11443,0
2027,42,5343,5535,0
2027,43,5784,5890,0
2027,44,5890,5984,0
2027,45,14495,14626,0
2027,46,14627,14879,0
2027,47,14881,14991,0
2027,48,14992,15058,0
2027,49,15059,15131,0
2027,50,15132,15287,0
2027,51,15288,15379,0
2027,52,15381,15444,0
2027,53,15445,15528,0
2027,54,15530,15660,0
2027,55,15661,15741,0
2027,56,15742,15787,0
2027,57,15788,15906,0
2027,58,15907,15954,0
2027,59,15956,16083,0
2027,60,16085,16211,0
2027,61,16219,16354,0
2027,62,16357,16439,0
2027,63,16441,16532,0
2027,64,16612,16658,0
2027,64,16660,16703,0
2027,65,16704,16744,0
2027,66,16745,16872,0
2027,67,3842,4056,0
2027,68,4057,4294,0
2027,69,4295,4443,0
2027,70,4445,4581,0
2027,71,4582,4689,0
2027,72,4691,4877,0
2027,73,4878,4941,0
2027,74,5367,5493,0
2027,75,5495,5738,0
2027,76,5739,5792,0
2027,77,5793,5966,0
2027,78,5967,6047,0
2027,79,6049,6216,0
2027,80,6216,6287,0
2027,81,6288,6385,0
2027,82,6386,6456,0
2027,83,6626,6772,0
2027,84,6773,6927,0
2027,85,6928,7040,0
2027,86,7330,7481,0
2027,87,7482,7778,0
2027,88,7779,7925,0
2027,89,1661,1759,0
2027,90,2430,2481,0
2027,91,2482,2648,0
2027,92,2649,2709,0
2027,93,8242,8322,0
2027,94,8323,8484,0
2027,94,8485,8545,0
2027,95,9133,9278,0
2027,96,9279,9411,0
2027,97,9522,9631,0
2027,98,9632,9660,0
2027,98,9661,9829,30
2027,99,8379,8479,0
2027,100,8480,8571,0
2027,101,8572,8709,0
2027,102,17618,17713,0
2027,103,17714,17782,0
2027,104,9275,9379,0
2027,105,9436,9519,0
2027,106,9520,9658,0
2034,1,880,1229,0
2034,1,1230,1385,0
2034,1,1386,1443,0
2034,2,1444,1761,0
2034,3,1763,1991,1
2034,4,1992,2304,0
2034,5,2305,2614,0
2034,6,2616,2824,0
2034,6,2825,3227,1
2034,6,3228,3298,0
2034,7,3298,3764,0
2034,8,4545,4826,0
2034,8,4827,4989,0
2034,9,4990,5434,1
2034,10,5436,5845,0
2034,11,5847,5888,0
2034,11,5887,6211,0
2034,12,6212,6663,0
2034,13,6714,7647,0
2034,14,7707,8322,1
2034,15,8324,8968,0
2034,16,8970,9533,0
2034,17,9598,10204,1
2034,18,10206,10794,0
2034,19,10795,11224,1
2034,20,11226,11400,0
2034,21,780,1109,0
2034,22,1110,1372,0
2034,23,1374,1420,0
2034,23,1421,1720,0
2034,24,1721,2181,0
2034,25,2183,2297,0
2034,26,11507,11666,0
2034,27,11666,12226,1
2034,28,12227,12494,1
2034,29,12496,13028,1
2034,30,13029,13666,1
2034,31,13668,13929,0
2034,32,13929,14333,0
2034,33,14486,15160,77
2034,34,15162,16027,1
2034,35,16029,16533,1
2034,36,16535,16899,1
2034,37,16898,17538,0
2034,38,31499,31843,1
2034,39,31845,32149,0
2034,40,32151,32539,0
2034,41,32541,32992,1
2034,42,32992,33196,0
2034,43,33198,33604,0
2034,44,29938,30152,0
2034,45,30197,30428,0
2034,46,30428,30880,0
2034,47,30882,31269,0
2034,48,31499,31843,1
2034,49,31845,32149,0
2034,50,32151,32428,0
2034,51,32428,32539,0
2034,52,32541,33083,1
2034,52,33083,33196,0
2034,53,33198,33604,0
2034,54,33621,34033,0
2034,55,34035,34591,0
2034,56,34593,34819,1
2034,56,34820,34878,0
2034,57,34877,35505,0
2034,58,35947,36524,0
2034,59,36526,36874,0
2034,60,36875,37104,0
2034,61,35507,35947,0
2034,62,35947,36524,0
2034,63,37141,37781,0
2034,64,38705,39174,0
2034,65,39177,39713,0
2034,65,39712,39825,0
2034,66,39827,40310,0
2034,67,40310,40595,0
2034,68,40597,40897,0
2034,69,40899,41472,0
2034,70,41474,41978,1
2034,71,41980,42163,0
2034,72,42175,42711,0
2034,73,42713,42911,0
2034,74,42913,43356,0
2034,75,43358,43506,0
2034,76,43508,43617,0
2034,77,43619,44004,0
2034,78,44006,44264,0
2034,79,44266,44618,0
2034,80,2975,3073,0
2034,81,3074,3418,0
2034,82,3419,3758,0
2034,83,2170,2303,0
2034,84,2304,2510,0
2034,85,3074,3309,0
2034,86,3310,3570,0
2034,87,3571,3758,0
2034,88,5843,6070,0
2034,89,6071,6158,0
2034,90,6159,6321,0
2034,91,11305,11522,0
2034,92,12011,12161,0
2034,93,12162,12333,0
2034,94,17088,17402,0
2034,95,17403,17667,0
2034,96,17668,17767,0
2034,97,17768,17844,0
2034,98,-1,-1,-1
2034,99,-1,-1,-1
2034,100,-1,-1,-1
2000,1,283,383,0
2000,2,8925,9095,0
2000,3,11527,11618,0
2000,4,1212,1383,1
2000,5,1384,1535,0
2000,6,650,797,0
2000,7,798,854,0
2000,7,855,1019,0
2000,8,1023,1158,0
2000,9,1159,1326,0
2000,10,3594,3756,3
2000,11,3757,3967,0
2000,12,3968,4084,2
2000,13,3993,4108,0
2000,14,4085,4239,0
2000,15,4240,4308,0
2000,16,4310,4433,0
2000,17,4434,4505,0
2000,18,4506,4595,0
2000,19,6213,6297,0
2000,20,6298,6408,0
2000,21,4111,4302,0
2000,22,7820,8097,0
2000,23,8098,8258,0
2000,24,8259,8339,0
2000,25,8340,8511,0
2000,26,8580,8711,0
2000,27,8712,8796,0
2000,28,8797,8955,0
2000,29,8956,9122,0
2000,30,5562,5688,0
2000,31,5642,5688,0
2000,32,5708,5754,0
2000,33,22096,22305,0
2000,34,17119,17244,0
2000,35,17245,17390,0
2000,36,17711,17855,0
2000,37,17857,17897,0
2000,38,17898,18116,0
2000,39,18117,18214,0
2000,40,13522,13702,0
2000,41,13797,13910,0
2000,42,13703,13796,0
2000,43,14073,14153,0
2000,44,13911,14072,0
2000,45,23073,23180,0
2000,46,23182,23256,0
2000,47,14948,14990,0
2000,47,14991,15041,0
2000,48,112,355,0
2000,49,572,768,0
2000,50,769,941,0
2000,51,1262,1358,0
2000,52,1359,1573,0
2000,53,1574,1681,0
2000,54,1683,1753,0
2000,55,1754,1869,0
2000,56,1870,2053,0
2000,57,2055,2167,0
2000,58,2168,2287,0
2000,59,2288,2333,0
2000,60,23257,23441,0
2000,61,23443,23565,0
2000,62,23713,23807,0
2000,63,23808,23962,0
2000,64,24133,24270,0
2000,65,24271,24430,0
2000,66,-1,-1,-1
2000,67,-1,-1,-1
2000,68,-1,-1,-1
2000,69,-1,-1,-1
2000,70,-1,-1,-1
2000,71,8436,8589,0
2000,72,9345,9406,0
2000,73,9407,9538,0
2000,74,22164,22314,0
2000,75,22315,22457,0
2000,76,19815,19900,1
2000,77,20210,20327,0
2000,78,-1,-1,-1
2000,79,9852,9887,0
2000,80,27332,27442,0
2000,81,27455,27554,0
2000,82,10004,10209,0
2000,83,10210,10410,0
2000,84,10412,10577,0
2000,85,10578,10659,0
2000,86,10979,11137,0
2000,87,11139,11307,0
2000,88,11308,11385,0
2000,89,210,276,0
2000,90,277,455,0
2000,91,456,550,0
2000,92,551,606,0
2000,93,1019,1203,0
2000,94,1204,1379,0
2000,95,1381,1425,0
2000,96,1426,1576,0
2000,97,1577,1603,0
2000,97,1604,1731,0
2000,98,636,768,0
2000,99,906,1004,0
2000,100,27027,27123,0
2029,1,1690,1851,0
2029,2,1885,1964,0
2029,3,1968,2025,0
2029,4,2026,2155,0
2029,5,2156,2317,0
2029,6,2459,2601,0
2029,7,2656,2791,0
2029,8,2792,2885,0
2029,9,2886,2942,0
2029,10,2943,3130,0
2029,11,3132,3347,0
2029,12,3348,3451,0
2029,13,3456,3654,0
2029,14,3655,3807,0
2029,15,3808,3905,0
2029,16,3908,4063,0
2029,17,4064,4197,0
2029,18,4199,4336,0
2029,19,4338,4483,0
2029,20,175,265,0
2029,21,266,345,0
2029,22,346,460,0
2029,23,461,575,0
2029,24,577,686,0
2029,25,687,780,0
2029,26,782,901,0
2029,27,902,1019,0
2029,28,1020,1107,0
2029,29,1135,1202,0
2029,30,1203,1251,0
2029,30,1252,1286,0
2029,31,1290,1334,0
2029,31,1335,1405,0
2029,32,1449,1545,0
2029,33,1586,1702,0
2029,34,1706,1778,0
2029,35,1782,1854,0
2029,36,1858,1959,0
2029,37,2011,2074,0
2029,38,2075,2176,0
2029,38,2177,2192,0
2029,39,2193,2321,0
2029,40,2322,2413,0
2029,41,2174,2268,0
2029,42,2269,2367,21
2029,43,2368,2475,0
2029,44,2476,2636,0
2029,45,2656,2796,0
2029,46,2797,2865,0
2029,47,2867,2931,0
2029,48,2984,3119,0
2029,49,3132,3265,0
2029,50,3281,3437,0
2029,51,3439,3571,0
2029,52,3572,3638,0
2029,53,3639,3753,0
2029,54,3755,4053,0
2029,55,1064,1177,0
2029,56,1178,1236,0
2029,57,-1,-1,-1
2029,58,1619,1707,0
2029,59,1904,2053,47
2029,60,2007,2053,0
2029,61,2054,2144,0
2029,62,2173,2261,0
2029,63,2262,2319,0
2029,64,2320,2447,0
2029,65,2448,2595,0
2029,66,2596,2677,0
2029,67,2679,2764,0
2029,68,2765,2838,0
2029,69,2839,2921,0
2029,70,3054,3207,0
2029,71,3209,3328,0
2029,72,3329,3509,0
2029,73,3871,3965,0
2029,74,3966,4008,0
2029,75,4010,4153,0
2029,76,4154,4271,0
2029,77,4273,4436,0
2029,78,4437,4530,0
2029,79,4531,4627,0
2029,80,4628,4831,0
2029,81,4835,4906,0
2029,82,5126,5187,0
2029,83,5366,5437,0
2029,84,5657,5738,0
2029,85,939,1109,0
2029,86,1334,1490,47
2029,87,1491,1569,0
2029,88,-1,-1,-1
2029,89,1669,1837,0
2029,90,1881,1975,0
2029,91,2484,2612,0
2029,92,2714,2807,0
2029,93,3839,3931,0
2029,94,4232,4298,0
2029,95,4608,4656,0
2029,96,4657,4747,0
2029,97,5036,5098,0
2029,98,5099,5228,0
2029,99,5229,5343,0
2029,100,5344,5500,0
2014,1,1211,1504,0
2014,2,1670,1760,0
2014,3,1922,1989,0
2014,3,1990,2092,0
2014,4,3138,3252,7
2014,5,3363,3459,0
2014,6,1003,1121,0
2014,6,1122,1224,0
2014,7,1227,1358,0
2014,8,1359,1425,0
2014,8,1426,1490,0
2014,9,2218,2369,0
2014,10,2038,2255,0
2014,11,2256,2369,0
2014,11,2370,2414,0
2014,12,2416,2604,0
2014,13,2605,2828,0
2014,14,5535,5709,0
2014,15,3425,3513,0
2014,16,3514,3581,0
2014,16,3582,3702,0
2014,16,3703,3732,0
2014,17,3734,3788,0
2014,17,3789,3909,0
2014,17,3910,3978,0
2014,18,3979,4067,0
2014,19,4068,4183,0
2014,20,4185,4230,0
2014,20,4231,4316,0
2014,21,4317,4419,0
2014,23,2636,2699,0
2014,23,2700,2801,0
2014,24,4533,4650,0
2014,25,6984,7122,0
2014,26,7171,7249,0
2014,27,7250,7328,0
2014,28,7616,7677,0
2014,29,7678,7854,0
2014,30,7855,7928,0
2014,31,5462,5569,0
2014,32,4621,4682,0
2014,32,4683,4726,0
2014,33,4727,4894,0
2014,33,4895,4925,0
2014,34,8244,8323,0
2014,35,8324,8438,4
2014,35,8439,8502,0
2014,36,8509,8583,0
2014,36,8584,8655,0
2014,37,8656,8943,0
2014,38,8944,9114,0
2014,40,6089,6298,0
2014,41,6299,6470,0
2014,42,6471,6629,0
2014,43,6630,6741,0
2014,44,6742,6955,0
2014,45,6956,7047,0
2014,46,7979,8098,0
2014,47,8131,8251,0
2014,48,13447,13562,0
2014,50,13563,13644,0
2014,50,13645,13692,0
2014,51,4719,4836,0
2014,51,4837,4891,0
2014,52,4892,4971,0
2014,53,4972,5059,0
2014,54,5174,5261,0
2014,55,5262,5376,0
2014,56,5377,5498,0
2014,57,5499,5627,0
2014,58,5628,5729,0
2014,60,9160,9298,1
2014,61,9299,9349,0
2014,62,-1,-1,-1
2014,63,-1,-1,-1
2014,63,-1,-1,-1
2014,65,-1,-1,-1
2014,65,-1,-1,-1
2014,66,10050,10178,0
2014,67,10304,10513,0
2014,68,6027,6125,0
2014,69,6127,6269,0
2014,70,6270,6463,0
2014,71,6465,6506,0
2014,71,6507,6626,0
2014,72,11538,11676,0
2014,73,6730,6964,0
2014,74,7011,7138,0
2014,75,7517,7623,0
2014,76,7624,7754,0
2014,77,20447,20619,0
2014,77,20620,20676,0
2014,78,20718,20795,0
2014,79,20796,20923,0
2014,79,20924,20992,0
2014,80,21092,21184,0
2014,81,21185,21284,0
2014,82,21285,21414,0
2014,83,21459,21543,0
2014,83,21544,21664,57
2014,84,21608,21664,0
2014,84,21665,21729,0
2014,85,21730,21872,0
2014,87,22164,22556,0
2014,88,22557,22683,0
2014,89,22684,22813,0
2014,90,22814,22941,0
2014,91,23041,23123,0
2014,91,23124,23264,0
2014,92,62620,62854,0
2014,93,62856,63036,0
2014,93,63037,63178,0
2014,94,65680,65981,0
2014,95,23265,23404,0
2014,96,23406,23480,0
2014,96,23481,23534,0
2014,97,66766,66907,0
2014,98,66908,67035,0
2014,99,67036,67133,0
2019,1,636,811,0
2019,2,812,951,0
2019,3,952,988,0
2019,3,989,1127,0
2019,4,1132,1304,0
2019,4,1393,1488,0
2019,5,1489,1621,0
2019,5,1622,1699,0
2019,9,1739,1839,0
2019,10,1830,1962,0
2019,11,1840,1960,0
2019,13,-1,-1,-1
2019,14,2285,2474,0
2019,15,2424,2583,0
2019,16,2584,2652,0
2019,17,2654,2797,0
2019,18,2625,2668,0
2019,19,1603,1661,0
2019,20,1662,1762,0
2019,21,2688,2801,0
2019,22,2802,2892,0
2019,23,2945,3036,0
2019,24,-1,-1,-1
2019,25,2158,2236,0
2019,26,2237,2317,0
2019,27,2318,2408,0
2019,28,1832,1948,0
2019,29,1949,2097,0
2019,30,2098,2156,0
2019,31,2785,2900,0
2019,33,3420,3532,0
2019,34,3533,3664,0
2019,35,4091,4204,0
2019,36,4205,4294,0
2019,37,3912,4071,0
2019,38,2833,3023,0
2019,39,5553,5627,0
2019,40,5628,5728,0
2019,41,5932,5994,0
2019,41,5995,6063,0
2019,42,6064,6162,0
2019,43,-1,-1,-1
2019,44,-1,-1,-1
2019,45,-1,-1,-1
2019,45,-1,-1,-1
2019,46,3370,3511,0
2019,47,6383,6530,0
2019,48,6531,6614,0
2019,49,6615,6772,0
2019,50,6773,6853,0
2019,51,6858,7026,0
2019,52,7027,7191,0
2019,53,7333,7409,0
2019,54,7410,7504,0
2019,55,7509,7642,0
2019,56,-1,-1,-1
2019,57,3697,3811,0
2019,58,5012,5178,0
2019,59,5179,5227,0
2019,59,5228,5363,0
2019,60,5387,5463,0
2019,61,-1,-1,-1
2019,62,3812,3943,0
2019,62,3944,4012,0
2019,63,-1,-1,-1
2019,64,5717,5803,0
2019,65,5804,5870,0
2019,66,-1,-1,-1
2019,67,8791,8920,0
2019,68,8921,9008,0
2019,69,9009,9092,0
2019,70,9093,9201,0
2019,71,9206,9307,0
2019,72,9308,9396,0
2019,73,9488,9546,0
2019,73,9547,9593,0
2019,74,9594,9670,0
2019,75,9671,9813,0
2019,76,9814,9929,0
2019,77,9934,10116,0
2019,78,10117,10269,0
2019,79,10270,10340,0
2019,80,7866,7936,0
2019,80,7937,8042,0
2019,82,10478,10596,0
2019,83,10597,10810,0
2019,84,8043,8182,0
2019,85,10820,10865,0
2019,85,10866,10988,0
2019,86,10989,11129,0
2019,87,11134,11193,0
2019,88,11194,11399,0
2019,89,11400,11500,0
2019,90,11505,11617,0
2019,90,11618,11728,0
2019,91,11729,11873,0
2019,92,11878,12093,0
2019,93,12094,12182,0
2019,94,-1,-1,-1
2019,95,4423,4671,0
2019,96,13048,13095,0
2019,97,13096,13182,0
2019,98,13183,13228,0
2019,98,13229,13305,0
2019,99,19504,19602,0
2019,99,19603,19672,0
2019,100,9739,9801,0
2019,100,9802,9947,0
2019,101,8803,8874,0
2030,5,565,734,0
2030,5,735,771,0
2030,6,772,898,0
2030,6,899,947,0
2030,7,1103,1215,0
2030,8,1216,1366,0
2030,9,1367,1497,0
2030,13,232,342,0
2030,13,345,421,0
2030,14,422,604,0
2030,15,605,688,0
2030,16,689,901,0
2030,17,902,988,0
2030,18,413,550,0
2030,19,551,777,0
2030,20,778,845,0
2030,21,856,1047,0
2030,22,1048,1187,0
2030,22,1188,1303,0
2030,23,1304,1459,0
2030,24,479,580,0
2030,25,581,677,0
2030,26,1362,1521,0
2030,27,1522,1614,0
2030,28,1615,1759,0
2030,29,1831,1997,0
2030,29,2000,2185,0
2030,30,2693,2985,0
2030,31,2986,3182,0
2030,34,990,1062,0
2030,35,1063,1131,0
2030,35,1132,1226,0
2030,36,1227,1247,0
2030,37,1248,1337,0
2030,38,1338,1433,0
2030,38,1434,1464,0
2030,39,1466,1529,0
2030,40,1530,1848,0
2030,41,1849,1923,0
2030,42,1924,1973,0
2030,43,1976,2151,0
2030,44,2152,2207,0
2030,45,2208,2412,0
2030,46,2413,2553,0
2030,48,1292,1418,0
2030,49,1419,1593,0
2030,51,1594,1744,0
2030,52,1746,1956,0
2030,53,1957,2189,0
2030,54,2190,2318,0
2030,55,2319,2513,0
2030,56,2517,2693,0
2030,57,2694,2970,0
2030,58,2971,3144,0
2030,59,3146,3462,0
2030,59,3463,3740,0
2030,60,3742,4008,0
2030,61,4009,4118,0
2030,62,4119,4287,0
2030,63,4289,4448,0
2030,64,4449,4556,0
2030,65,4557,4714,0
2030,66,4715,4962,0
2030,67,4964,5135,0
2030,68,5136,5257,0
2030,69,5258,5769,0
2030,70,5771,6080,0
2030,73,2254,2403,0
2030,74,2404,2620,0
2030,75,2621,2720,0
2030,76,2721,2885,0
2030,77,3032,3182,0
2030,78,3183,3301,0
2030,79,3306,3335,0
2030,79,3336,3393,0
2030,79,3394,3415,0
2030,80,3416,3553,0
2030,81,3558,3632,0
2030,82,3663,3753,0
2030,83,3754,3873,0
2030,84,4424,4549,0
2030,85,4550,4603,0
2030,86,4604,4693,0
2030,87,5820,5901,0
2030,88,5902,6009,0
2030,89,6010,6119,0
2030,90,6120,6172,0
2030,91,6177,6214,0
2030,91,6215,6301,0
2030,92,6421,6476,0
2030,92,6477,6520,0
2030,93,6708,6731,0
2030,93,6732,6808,0
2030,93,6809,6864,0
2030,94,6865,6933,0
2030,95,7148,7206,0
2030,96,7207,7314,0
2008,70,941,1064,0
2008,70,1165,1290,0
2008,71,1338,1385,0
2008,72,1727,1806,0
2008,73,2612,2708,0
2008,74,3476,3535,0
2008,75,3819,3874,0
2008,75,3910,3964,0
2008,76,4322,4536,0
2008,77,4940,5067,0
2008,77,5120,5243,2
2008,78,5369,5476,0
2008,79,7423,7460,0
2008,79,7461,7627,0
2008,79,7628,7737,0
2008,80,7739,7845,0
2008,80,7846,7876,0
2008,81,7896,8009,0
2008,82,8010,8155,0
2008,83,8725,8885,0
2008,84,9356,9541,0
2008,85,9773,9856,0
2008,85,9857,9950,0
2008,86,9952,10128,0
2008,87,10646,10714,0
2007,2,-1,-1,-1
2007,3,-1,-1,-1
2007,4,-1,-1,-1
2007,4,-1,-1,-1
2007,5,-1,-1,-1
2007,5,-1,-1,-1
2007,6,-1,-1,-1
2007,6,-1,-1,-1
2007,7,-1,-1,-1
2007,8,-1,-1,-1
2007,9,-1,-1,-1
2007,10,-1,-1,-1
2007,11,-1,-1,-1
2007,12,-1,-1,-1
2007,13,-1,-1,-1
2007,14,-1,-1,-1
2007,15,-1,-1,-1
2007,16,-1,-1,-1
2007,17,-1,-1,-1
2007,18,-1,-1,-1
2007,19,-1,-1,-1
2007,20,-1,-1,-1
2007,21,-1,-1,-1
2007,22,-1,-1,-1
2007,22,-1,-1,-1
2007,23,-1,-1,-1
2007,24,-1,-1,-1
2007,25,-1,-1,-1
2007,26,-1,-1,-1
2007,26,-1,-1,-1
2007,27,-1,-1,-1
2007,28,-1,-1,-1
2007,28,-1,-1,-1
2007,29,-1,-1,-1
2007,32,-1,-1,-1
2007,33,-1,-1,-1
2007,34,-1,-1,-1
2007,35,-1,-1,-1
2007,35,-1,-1,-1
2007,36,-1,-1,-1
2007,37,-1,-1,-1
2007,37,-1,-1,-1
2007,38,-1,-1,-1
2007,39,-1,-1,-1
2007,39,-1,-1,-1
2007,40,-1,-1,-1
2007,41,-1,-1,-1
2007,42,-1,-1,-1
2007,43,-1,-1,-1
2007,43,-1,-1,-1
2007,44,-1,-1,-1
2007,44,-1,-1,-1
2007,45,-1,-1,-1
2007,45,-1,-1,-1
2007,46,-1,-1,-1
2007,48,-1,-1,-1
2007,49,-1,-1,-1
2007,50,-1,-1,-1
2007,51,-1,-1,-1
2007,53,-1,-1,-1
2007,54,-1,-1,-1
2007,55,-1,-1,-1
2007,56,-1,-1,-1
2007,57,-1,-1,-1
2007,58,-1,-1,-1
2007,59,-1,-1,-1
2007,63,-1,-1,-1
2007,64,-1,-1,-1
2007,65,-1,-1,-1
2007,66,-1,-1,-1
2007,67,-1,-1,-1
2007,68,-1,-1,-1
2007,69,-1,-1,-1
2007,70,-1,-1,-1
2007,71,-1,-1,-1
2007,73,-1,-1,-1
2007,73,-1,-1,-1
2007,73,-1,-1,-1
2007,74,-1,-1,-1
2007,75,-1,-1,-1
2007,76,-1,-1,-1
2007,77,-1,-1,-1
2007,78,-1,-1,-1
2007,79,-1,-1,-1
2007,80,-1,-1,-1
2007,81,-1,-1,-1
2007,82,-1,-1,-1
2007,83,-1,-1,-1
2007,84,-1,-1,-1
2007,85,-1,-1,-1
2007,85,-1,-1,-1
2007,86,-1,-1,-1
2007,87,-1,-1,-1
2007,88,-1,-1,-1
2007,89,-1,-1,-1
2007,90,-1,-1,-1
2007,91,-1,-1,-1
2007,92,-1,-1,-1
2007,93,-1,-1,-1
2007,94,-1,-1,-1
2007,95,-1,-1,-1
2007,96,-1,-1,-1
2007,97,-1,-1,-1
2007,98,-1,-1,-1
2009,1,180,440,0
2009,2,2692,2805,0
2009,3,441,520,1
2009,4,801,879,0
2009,4,880,906,0
2009,4,907,942,0
2009,5,946,1046,0
2009,6,328,452,0
2009,7,453,576,0
2009,8,577,686,0
2009,9,687,789,0
2009,10,793,917,0
2009,11,918,1045,0
2009,12,1046,1125,0
2009,13,1126,1285,0
2009,14,1286,1360,0
2009,15,1364,1426,0
2009,16,1662,1791,0
2009,17,1612,1667,0
2009,18,1668,1779,0
2009,19,1780,1880,0
2009,20,1881,2068,0
2009,21,2069,2192,0
2009,22,2193,2335,0
2009,22,2336,2386,0
2009,22,2387,2470,0
2009,23,2471,2538,0
2009,23,2539,2603,0
2009,24,2836,3000,0
2009,25,6153,6238,0
2009,26,6239,6358,0
2009,27,7278,7384,0
2009,28,7604,7906,0
2009,29,7907,7973,0
2009,30,7992,8093,0
2009,30,8094,8175,0
2009,30,8521,8584,0
2009,31,8176,8362,0
2009,32,8595,8679,0
2009,33,8680,8739,0
2009,34,8740,8912,0
2009,35,8913,9021,0
2009,36,9022,9102,0
2009,37,9342,9423,0
2009,38,9424,9590,0
2009,39,9591,9762,0
2009,40,9763,9863,0
2009,41,2806,2852,0
2009,42,2857,2953,0
2009,42,2954,3077,0
2009,43,3079,3230,0
2009,44,3232,3370,0
2009,45,3535,3642,0
2009,46,1881,1930,0
2009,47,1978,2044,0
2009,48,2045,2139,0
2009,48,2140,2198,0
2009,48,2199,2286,0
2009,49,2287,2411,0
2009,50,2412,2522,0
2009,50,2523,2593,0
2009,51,2594,2712,0
2009,52,2713,2819,0
2009,53,579,670,0
2009,54,671,707,0
2009,54,757,805,0
2009,55,1153,1336,0
2009,56,1388,1489,0
2009,56,1490,1636,0
2009,57,1694,1850,0
2009,58,1851,1955,0
2009,59,1956,2023,0
2009,59,2024,2066,0
2009,60,2264,2429,0
2009,61,2519,2621,0
2009,62,2623,2789,0
2009,62,2790,2830,0
2009,63,7380,7539,0
2009,64,7540,7640,0
2009,65,3136,3206,0
2009,65,3342,3412,0
2009,65,3413,3491,0
2009,66,3647,3772,0
2009,67,3872,4024,0
2009,68,4071,4144,0
2009,68,4146,4291,0
2009,69,4530,4580,0
2009,69,4581,4714,0
2009,70,4715,4803,0
2009,70,4878,5027,0
2009,71,5060,5113,0
2009,72,5114,5254,0
2009,72,5255,5395,0
2009,73,6376,6472,0
2009,74,6473,6639,0
2009,75,5485,5552,0
2009,76,5848,5955,0
2009,77,5956,6025,0
2009,77,6026,6121,0
2009,78,6339,6441,0
2009,79,6492,6642,0
2009,79,6643,6741,0
2009,80,6902,6989,0
2009,81,7040,7137,0
2009,82,4273,4345,0
2009,83,4346,4472,0
2009,84,4448,4532,0
2009,85,4533,4657,0
2009,86,9042,9324,0
2009,87,4833,4963,0
2009,88,5183,5268,0
2009,89,8763,8831,0
2009,90,5393,5483,0
2009,91,5484,5613,0
2009,92,9142,9176,0
2009,93,9177,9265,0
2009,94,9266,9362,0
2009,95,7555,7615,0
2009,95,7616,7712,0
2009,96,7713,7780,0
2009,96,7781,7809,0
2009,97,7810,7921,0
2009,98,7922,8101,0
2009,100,8102,8193,0
2009,100,8194,8287,0
2009,101,8536,8617,0
2035,1,145,189,0
2035,2,351,439,0
2035,3,274,374,0
2035,4,375,498,0
2035,4,499,542,0
2035,5,543,815,0
2035,6,816,850,0
2035,6,1158,1241,0
2035,7,440,666,0
2035,8,667,740,1
2035,9,741,839,0
2035,10,840,1164,0
2035,11,1167,1240,0
2035,12,1241,1421,0
2035,13,1422,1563,0
2035,14,1564,1790,0
2035,15,1793,1869,0
2035,16,1870,2062,1
2035,17,2063,2128,0
2035,17,2129,2213,0
2035,18,2332,2410,0
2035,19,2767,2896,0
2035,20,2897,3096,0
2035,21,3509,3796,0
2035,22,3799,3985,0
2035,23,3988,4054,0
2035,24,4055,4229,0
2035,25,4230,4500,1
2035,26,4501,4609,0
2035,26,4610,4663,0
2035,27,1242,1347,0
2035,28,1348,1569,0
2035,29,1570,1671,0
2035,30,1672,1802,0
2035,31,190,301,0
2035,32,302,392,0
2035,32,393,448,0
2035,34,513,593,0
2035,34,594,661,0
2035,35,-1,-1,-1
2035,36,3443,3651,0
2035,37,3818,3936,0
2035,37,3937,4043,0
2035,38,4044,4207,0
2035,39,4208,4292,0
2035,40,667,764,0
2035,41,765,873,0
2035,43,930,975,0
2035,43,976,1032,0
2035,44,1033,1107,0
2035,45,1108,1202,0
2035,46,1204,1293,0
2035,46,1294,1347,0
2035,47,1348,1441,0
2035,48,1442,1527,0
2035,51,2091,2165,0
2035,52,2166,2416,0
2035,53,2418,2582,0
2035,54,2584,2675,0
2035,55,2676,2758,0
2035,56,2759,2848,0
2035,56,2849,2905,0
2035,60,14329,14539,0
2035,61,14540,14658,0
2035,62,14659,14794,0
2035,63,14795,14958,0
2035,64,14959,15045,0
2035,65,15046,15175,0
2035,66,15176,15355,0
2035,67,15357,15537,0
2035,68,15538,15725,0
2035,69,15726,15870,0
2035,70,4757,4897,0
2035,71,4979,5077,0
2035,72,5078,5219,0
2035,73,5220,5254,0
2035,73,5255,5409,0
2035,74,5410,5487,0
2035,74,5488,5538,0
2035,75,17082,17127,0
2035,75,17128,17206,0
2035,76,17207,17334,0
2035,77,17335,17430,0
2035,78,17431,17507,0
2035,79,17508,17584,0
2035,80,17585,17799,0
2035,81,17905,17957,0
2035,81,17958,18037,0
2035,82,18038,18153,0
2035,83,18154,18271,0
2035,84,18272,18412,0
2035,85,18413,18608,0
2035,86,18609,18728,0
2035,87,18730,18848,0
2035,88,18849,19024,0
2035,89,19025,19144,0
2035,90,19145,19270,0
2035,91,33386,33448,0
2035,91,33449,33573,0
2035,92,33574,33688,0
2035,93,33850,34015,0
2035,94,34016,34164,0
2035,95,34166,34279,0
2035,95,34280,34334,0
2035,95,34517,34550,0
2035,96,36330,36451,0
2035,97,36452,36585,0
2035,98,36587,36725,0
2035,99,37607,37666,0
2035,99,37667,37779,0
2035,100,38354,38443,0
2035,100,38445,38570,0
2040,1,811,1065,10
2040,2,1066,1322,3
2040,3,1401,1560,0
2040,4,1561,1745,0
2040,5,1746,1960,0
2040,6,2706,2808,0
2040,6,2809,2835,0
2040,8,2114,2242,0
2040,8,2394,2496,0
2040,9,2795,2888,0
2040,9,2889,3130,0
2040,10,2975,3107,0
2040,11,3150,3258,0
2040,11,3259,3438,0
2040,12,3439,3582,0
2040,12,3583,3645,0
2040,13,1484,1819,0
2040,14,4142,4268,0
2040,15,1721,1832,0
2040,15,1999,2089,0
2040,16,1833,1998,0
2040,17,4269,4372,0
2040,17,4373,4554,0
2040,18,3392,3626,0
2040,19,-1,-1,-1
2040,20,2045,2150,0
2040,20,2151,2317,56
2040,21,4745,4908,0
2040,22,4909,5050,0
2040,22,5051,5160,0
2040,23,3646,3726,0
2040,24,3727,3786,0
2040,25,3787,3881,0
2040,28,3882,3971,0
2040,29,12498,12601,0
2040,30,12602,12637,0
2040,31,13089,13280,0
2040,32,13467,13520,3
2040,33,20686,20927,0
2040,34,3972,4125,0
2040,35,7289,7423,3
2040,36,7623,7724,0
2040,37,7872,7984,0
2040,38,7725,7900,0
2040,39,10124,10282,0
2040,40,10283,10408,0
2040,41,10409,10504,0
2040,41,10505,10606,0
2040,42,3537,3579,0
2040,42,3580,3658,0
2040,43,10484,10687,0
2040,44,10973,11086,4
2040,45,10688,10847,0
2040,46,11088,11349,4
2040,47,11350,11431,0
2040,48,11479,11616,4
2040,49,5327,5389,0
2040,50,5390,5497,0
2040,51,5498,5685,0
2040,51,5686,5730,0
2040,52,12193,12304,0
2040,52,12305,12401,0
2040,53,12402,12558,0
2040,54,12559,12667,0
2040,55,13161,13272,0
2040,56,13273,13452,0
2040,57,13557,13649,0
2040,58,13650,13705,0
2040,59,14247,14676,2
2040,60,14679,14847,0
2040,61,14848,14944,0
2040,62,14945,15085,0
2040,63,9575,9632,0
2040,63,9575,9789,0
2040,64,9790,9952,0
2040,65,9953,10305,0
2040,66,10306,10341,0
2040,66,10342,10375,0
2040,67,5850,5937,0
2040,67,5938,6018,0
2040,68,8322,8387,0
2040,69,8388,8459,0
2040,70,8460,8623,0
2040,71,8624,8733,0
2040,72,8735,8817,0
2040,72,8818,8942,0
2040,73,8943,9008,0
2040,73,9009,9148,0
2040,74,20009,20099,0
2040,75,20481,20785,0
2040,76,20788,20949,0
2040,77,20950,21079,0
2040,77,21080,21143,0
2040,79,3873,4010,0
2040,80,21146,21226,0
2040,81,21326,21440,0
2040,81,21441,21546,0
2040,82,21627,21712,0
2040,83,21713,21944,0
2040,84,22065,22166,0
2040,86,17542,17583,0
2040,86,17584,17656,0
2040,86,17657,17878,8
2040,86,17879,17977,0
2040,87,17978,18064,4
2040,87,18065,18189,0
2040,87,18190,18227,0
2040,88,5737,5847,0
2040,89,-1,-1,-1
2040,90,-1,-1,-1
2040,90,-1,-1,-1
2040,91,-1,-1,-1
2040,92,-1,-1,-1
2040,93,8533,8709,0
2040,94,8811,8867,0
2040,95,8948,9045,0
2040,95,9046,9110,0
2040,96,5322,5474,0
2040,97,5475,5627,0
2040,98,5628,5736,0
2040,99,7831,7904,0
2040,99,7905,7957,0
2040,99,7958,8095,0
2040,100,7052,7304,0
2041,1,272,387,0
2041,2,388,423,0
2041,3,424,612,0
2041,4,613,709,0
2041,5,6107,6210,0
2041,6,6211,6415,0
2041,7,6416,6521,0
2041,8,6524,6630,0
2041,9,6631,6707,0
2041,10,6708,6944,0
2041,11,6945,7105,0
2041,13,1656,2058,0
2041,13,39,40,0
2041,14,2060,2204,0
2041,15,2205,2295,0
2041,16,2296,2383,0
2041,17,5282,5419,0
2041,18,5420,5612,0
2041,19,5613,5799,0
2041,20,5800,5973,0
2041,22,3468,3575,0
2041,23,3576,3728,0
2041,24,3773,3951,0
2041,25,3952,4059,0
2041,26,5324,5539,0
2041,27,5540,5693,0
2041,28,5696,5816,0
2041,29,5817,5980,0
2041,30,6366,6488,0
2041,31,6489,6824,0
2041,32,6825,6928,0
2041,33,9009,9139,0
2041,34,9140,9461,0
2041,35,9462,9716,0
2041,36,9718,9829,0
2041,37,9830,9987,0
2041,39,4820,4892,0
2041,40,4893,5161,0
2041,41,5162,5293,0
2041,42,5294,5399,0
2041,43,5400,5563,0
2041,44,5564,5632,0
2041,45,5634,6213,0
2041,46,6214,6305,0
2041,48,7362,7587,0
2041,49,7895,7996,0
2041,50,7997,8059,0
2041,51,8060,8218,0
2041,52,8219,8370,0
2041,53,8372,8570,0
2041,54,8571,8641,0
2041,56,4790,5050,0
2041,57,5051,5110,0
2041,58,5833,6038,0
2041,59,6101,6211,0
2041,60,6328,6579,0
2041,61,6581,6774,0
2041,62,6775,6939,0
2041,63,6940,7108,0
2041,64,7109,7334,0
2041,66,10145,10178,0
2041,67,10179,10342,0
2041,68,10450,10742,0
2041,69,359,549,0
2041,70,642,767,0
2041,71,769,894,0
2041,72,1092,1256,0
2041,73,1262,1405,0
2041,74,1406,1589,0
2041,76,10744,11000,0
2041,77,11001,11126,0
2041,78,11127,11302,0
2041,79,11305,11481,0
2041,80,11482,11695,0
2041,81,11848,12265,0
2041,82,12717,12944,0
2041,83,13343,13472,0
2041,85,3645,3697,0
2041,86,3698,3936,0
2041,87,3938,4119,0
2041,89,4349,4506,0
2041,90,4507,4660,0
2041,91,4781,5056,0
2041,92,5057,5283,0
2041,95,4081,4166,0
2041,96,4321,4429,0
2041,97,4562,4669,0
2041,99,3114,3207,0
2041,100,3208,3328,0
2032,1,1521,1662,0
2032,2,1663,1811,0
2032,3,1989,2079,0
2032,4,2080,2232,0
2032,5,2233,2421,0
2032,6,2423,2514,0
2032,7,2515,2822,0
2032,8,2823,2958,0
2032,9,1635,1727,0
2032,10,1728,1802,0
2032,11,1806,1910,0
2032,12,2243,2333,0
2032,13,2334,2437,0
2032,14,2685,2794,0
2032,15,2795,2926,0
2032,16,2930,3040,0
2032,17,3041,3116,0
2032,18,3117,3177,0
2032,19,3179,3272,0
2032,20,3273,3377,0
2032,21,3878,4040,0
2032,21,4041,4096,0
2032,22,4647,4741,0
2032,23,4742,4879,0
2032,24,5026,5234,0
2032,25,5684,5756,0
2032,26,5757,5854,0
2032,27,6278,6373,0
2032,28,6374,6447,0
2032,29,6448,6516,0
2032,30,7614,7715,0
2032,31,7716,7827,0
2032,32,8182,8306,0
2032,33,4243,4376,0
2032,34,208,287,0
2032,35,288,368,0
2032,36,369,456,0
2032,37,457,569,0
2032,38,570,668,0
2032,39,669,798,0
2032,40,799,911,0
2032,41,912,966,0
2032,42,967,1179,0
2032,43,1180,1244,0
2032,44,1245,1407,0
2032,45,1408,1535,0
2032,46,1536,1615,0
2032,47,1616,1698,0
2032,48,1699,1843,0
2032,49,1844,2029,0
2032,50,2030,2158,0
2032,50,2159,2187,0
2032,51,2188,2326,0
2032,52,2327,2414,0
2032,53,2415,2484,0
2032,54,2485,2578,0
2032,55,2579,2672,0
2032,56,2673,2797,0
2032,57,2798,2861,0
2032,57,2862,2966,0
2032,57,2967,3050,0
2032,58,3051,3122,0
2032,58,3123,3210,0
2032,59,3211,3266,0
2032,60,3267,3323,0
2032,61,3324,3400,0
2032,62,3401,3473,0
2032,63,3739,3842,0
2032,64,3927,4100,0
2032,65,4908,5107,0
2032,66,6439,6552,0
2032,67,6553,6632,0
2032,68,6633,6738,0
2032,69,7168,7237,0
2032,70,7238,7352,0
2032,71,7537,7702,0
2032,72,8341,8432,0
2032,73,9668,9796,0
2032,74,9797,9905,0
2032,74,9906,9935,0
2032,75,13722,13791,0
2032,75,13792,13908,0
2032,76,13909,14099,0
2032,77,4521,4765,0
2032,78,4766,4979,0
2032,79,4982,5200,0
2032,79,5201,5400,0
2032,80,5404,5471,0
2032,81,5472,5674,0
2032,82,5676,5863,0
2032,83,5864,6215,0
2032,84,2193,2290,0
2032,85,2291,2416,0
2032,86,2417,2734,0
2032,87,2735,2900,0
2032,88,4497,4589,0
2032,88,4590,4705,0
2032,89,4708,4808,0
2032,90,4809,4996,0
2032,91,1754,1894,0
2032,92,1895,2005,0
2032,93,2006,2077,0
2032,94,2082,2431,0
2032,95,2432,2574,0
2032,96,2575,2661,0
2032,97,4141,4194,0
2032,98,4195,4509,0
2032,99,25824,26126,0
2032,100,26127,26220,0
2003,1,1297,1343,0
2003,1,1344,1428,0
2003,3,329,856,0
2003,4,995,1278,0
2003,5,1280,1549,0
2003,6,2574,2929,0
2003,7,2574,2929,0
2003,9,3,231,0
2003,10,507,658,0
2003,11,659,832,0
2003,12,1387,1546,0
2003,12,1547,1644,0
2003,13,3825,3874,0
2003,13,3875,3965,0
2003,14,3966,4052,0
2003,14,4053,4151,0
2003,15,4152,4234,0
2003,15,4235,4256,0
2003,16,5467,5622,0
2003,17,4725,4896,0
2003,17,4898,4957,0
2003,18,5287,5489,0
2003,19,5490,5861,0
2003,20,5490,5861,0
2003,21,7089,7218,0
2003,21,7219,7329,0
2003,21,7330,7458,0
2003,22,7929,8157,0
2003,22,7929,8157,0
2003,23,8158,8449,0
2003,24,8158,8449,0
2003,25,20431,20520,0
2003,26,20521,21187,0
2003,27,20521,21187,0
2003,28,21319,21507,1
2003,29,21597,21742,0
2003,30,22017,22169,0
2003,31,22266,22379,0
2003,32,24309,24409,0
2003,32,24410,24516,1
2003,33,25409,25907,0
2003,34,25409,25907,0
2003,35,25908,26232,0
2003,36,25908,26232,0
2003,37,29082,29209,0
2003,38,29210,29445,0
2003,39,32705,33069,0
2003,40,34482,34549,0
2003,41,35638,36267,0
2003,42,41308,41500,0
2003,43,42774,42906,0
2003,44,43175,43351,0
2003,45,44062,44185,0
2003,45,44186,44266,0
2003,46,1639,1718,0
2003,47,1719,1821,0
2003,48,6904,6990,0
2003,48,6991,7098,0
2003,49,16205,16258,0
2003,49,16259,16342,0
2003,49,16343,16407,0
2003,50,16443,16509,0
2003,51,16510,16742,0
2003,52,17117,17173,0
2003,53,17435,17519,0
2003,54,17522,17810,0
2003,55,18028,18142,0
2003,55,18143,18216,0
2003,56,18143,18346,0
2003,57,18347,18443,0
2003,58,19284,19410,0
2003,59,19284,19410,0
2003,60,19870,20378,0
2003,61,20381,20551,0
2003,62,20552,20708,0
2003,63,20709,20764,0
2003,64,21052,21163,1
2003,65,21164,21282,0
2003,66,21283,21464,0
2003,67,21283,21464,0
2003,68,21465,21599,0
2003,68,21600,21684,0
2003,69,21687,21954,0
2003,70,21955,22385,0
2003,71,22388,22515,0
2003,72,22516,22671,0
2003,73,22761,23041,2
2003,74,24319,24471,0
2003,75,24472,24619,0
2003,76,27462,27534,0
2003,76,27535,27758,0
2003,77,27535,27758,0
2003,78,27892,28099,0
2003,79,28100,28317,0
2003,80,8321,8457,0
2003,81,8458,8540,0
2003,82,9009,9094,0
2003,83,9097,9196,0
2003,84,9378,9474,0
2003,85,9475,9582,0
2003,87,10412,10831,0
2003,88,10740,10831,0
2003,89,11532,11775,0
2003,89,11709,11775,0
2003,90,12754,13084,0
2003,91,12754,13084,0
2003,92,12754,13084,0
2003,93,47032,47113,0
2003,94,47114,47224,0
2003,95,47468,47527,0
2003,98,47889,48125,0
2003,99,48344,48718,0
2003,100,48750,48815,0
2015,1,1676,1789,0
2015,2,1790,2006,0
2015,3,2007,2088,0
2015,3,2089,2247,0
2015,4,2248,2364,0
2015,5,1244,1438,0
2015,6,1439,1581,0
2015,6,1582,1626,0
2015,7,1627,1754,0
2015,8,769,933,0
2015,9,934,1045,0
2015,10,1046,1071,0
2015,10,1072,1163,0
2015,11,1165,1296,0
2015,13,-1,-1,-1
2015,14,-1,-1,-1
2015,16,3214,3394,0
2015,17,3395,3530,0
2015,18,3075,3247,0
2015,19,-1,-1,-1
2015,20,-1,-1,-1
2015,21,-1,-1,-1
2015,22,6273,6417,0
2015,23,6418,6588,0
2015,24,6728,6797,0
2015,25,6799,6975,0
2015,25,6976,7074,0
2015,27,7083,7253,0
2015,28,7254,7305,0
2015,29,2256,2309,0
2015,29,2310,2438,0
2015,29,2439,2488,0
2015,30,-1,-1,-1
2015,31,-1,-1,-1
2015,31,-1,-1,-1
2015,33,8852,9105,0
2015,34,17447,17505,0
2015,34,17506,17573,0
2015,35,6301,6557,0
2015,36,9281,9493,0
2015,37,9494,9637,0
2015,38,9896,10038,0
2015,39,-1,-1,-1
2015,39,-1,-1,-1
2015,40,-1,-1,-1
2015,40,-1,-1,-1
2015,40,-1,-1,-1
2015,41,-1,-1,-1
2015,41,-1,-1,-1
2015,42,-1,-1,-1
2015,42,-1,-1,-1
2015,42,-1,-1,-1
2015,43,10063,10142,0
2015,43,10143,10208,0
2015,43,10209,10263,0
2015,44,10264,10394,0
2015,45,-1,-1,-1
2015,46,10513,10632,0
2015,47,10633,10772,0
2015,47,10773,10850,0
2015,48,10851,11022,0
2015,49,-1,-1,-1
2015,49,-1,-1,-1
2015,50,2729,2767,0
2015,50,2768,2836,0
2015,50,2837,2888,0
2015,51,7697,7858,0
2015,52,7859,7979,0
2015,52,7980,8109,0
2015,53,8171,8327,0
2015,53,8328,8428,0
2015,54,2980,3099,0
2015,55,3101,3258,0
2015,56,26600,26680,0
2015,57,26681,26801,0
2015,58,26804,26895,0
2015,59,26896,27161,0
2015,60,27181,27283,0
2015,61,27284,27402,0
2015,62,27403,27676,0
2015,62,27677,27730,0
2015,63,27913,28034,0
2015,64,28035,28151,0
2015,65,28153,28203,0
2015,65,28204,28291,0
2015,66,28292,28552,0
2015,67,28553,28731,0
2015,68,13490,13608,0
2015,69,13609,13717,0
2015,70,31705,31758,0
2015,70,31759,31847,0
2015,71,31848,31919,0
2015,72,31920,32060,0
2015,73,-1,-1,-1
2015,73,-1,-1,-1
2015,75,-1,-1,-1
2015,76,-1,-1,-1
2015,77,-1,-1,-1
2015,77,-1,-1,-1
2015,78,-1,-1,-1
2015,79,-1,-1,-1
2015,80,-1,-1,-1
2015,80,-1,-1,-1
2015,81,-1,-1,-1
2015,82,-1,-1,-1
2015,82,-1,-1,-1
2015,84,-1,-1,-1
2015,85,-1,-1,-1
2015,86,-1,-1,-1
2015,87,-1,-1,-1
2015,88,42690,42861,0
2015,89,22523,22650,0
2015,90,22651,22721,0
2015,90,22983,23041,0
2015,91,-1,-1,-1
2015,91,-1,-1,-1
2015,91,-1,-1,-1
2015,92,-1,-1,-1
2015,93,-1,-1,-1
2015,94,-1,-1,-1
2015,94,-1,-1,-1
2015,94,-1,-1,-1
2015,95,16070,16238,0
2015,96,17950,18038,0
2015,98,50493,50714,0
2015,99,50715,51033,0
2015,100,51034,51257,0
2015,100,51258,51372,0
2017,1,1484,1586,0
2017,2,1587,1719,0
2017,3,1721,1813,0
2017,4,1814,1928,0
2017,5,1929,2004,0
2017,6,2006,2123,1
2017,7,2124,2401,44
2017,8,2403,2466,0
2017,9,2467,2579,0
2017,10,2581,2713,0
2017,11,2714,2789,0
2017,12,2790,2868,0
2017,13,2870,2926,0
2017,14,2927,3048,0
2017,15,3049,3131,0
2017,16,3132,3198,0
2017,17,3200,3277,0
2017,18,3278,3330,0
2017,18,3362,3493,0
2017,19,3729,3870,0
2017,20,3871,3964,0
2017,21,3966,4112,0
2017,22,4113,4416,0
2017,23,4418,4521,0
2017,24,4522,4720,0
2017,25,4721,4804,0
2017,26,4805,4876,0
2017,27,4878,5033,0
2017,28,5034,5142,0
2017,29,5143,5275,0
2017,30,5276,5413,0
2017,31,5415,5512,0
2017,32,5513,5591,0
2017,32,5592,5778,0
2017,33,473,614,0
2017,34,615,724,0
2017,35,726,946,0
2017,36,947,1023,0
2017,37,1024,1114,0
2017,37,1115,1170,0
2017,38,1172,1270,0
2017,39,1272,1459,0
2017,40,1461,1647,0
2017,41,1649,1772,0
2017,42,1773,1900,0
2017,43,1902,2153,0
2017,44,2155,2363,0
2017,45,2365,2598,0
2017,46,-1,-1,-1
2017,47,2573,2713,0
2017,48,2714,2844,0
2017,49,2845,2889,0
2017,49,2890,2960,0
2017,50,2961,3124,0
2017,51,3126,3287,0
2017,52,3288,3425,0
2017,53,-1,-1,-1
2017,54,2065,2236,0
2017,55,2237,2357,0
2017,56,2359,2413,0
2017,56,2414,2499,1
2017,57,2501,2741,0
2017,58,2742,2851,0
2017,58,2852,3018,0
2017,59,-1,-1,-1
2017,59,-1,-1,-1
2017,60,1338,1451,0
2017,61,1452,1512,0
2017,61,1513,1643,0
2017,62,1683,1728,0
2017,62,1729,1822,0
2017,63,1823,1907,0
2017,64,1908,1998,0
2017,65,1999,2077,0
2017,66,-1,-1,-1
2017,67,-1,-1,-1
2017,68,13344,13413,0
2017,68,13414,13545,0
2017,69,13546,13623,0
2017,70,13625,13725,1
2017,71,13726,13848,0
2017,72,13849,13966,0
2017,73,13968,14108,0
2017,74,14109,14181,0
2017,75,-1,-1,-1
2017,76,2151,2382,0
2017,77,17703,17796,0
2017,78,17798,17946,0
2017,79,17948,18032,0
2017,80,18033,18133,0
2017,81,18134,18270,0
2017,82,18272,18378,0
2017,83,18379,18546,0
2017,84,18548,18648,0
2017,84,18649,18770,0
2017,85,18772,18879,0
2017,85,18880,19007,0
2017,86,2384,2705,0
2017,87,2706,2805,0
2017,88,2807,2875,0
2017,89,2876,2961,0
2017,90,2962,3102,0
2017,91,3104,3154,0
2017,92,3155,3218,0
2017,93,3219,3254,0
2017,94,3255,3330,0
2018,8,839,981,1
2018,9,1842,1970,0
2018,10,1971,2049,0
2018,11,2051,2203,0
2018,12,2204,2322,0
2018,13,2323,2562,0
2018,14,2564,2749,0
2018,15,2752,2927,0
2018,16,2928,3059,32
2018,17,1007,1131,0
2018,18,1133,1335,0
2018,18,1173,1335,0
2018,19,1336,1522,0
2018,20,1523,1568,0
2018,21,-1,-1,-1
2018,22,-1,-1,-1
2018,23,-1,-1,-1
2018,24,-1,-1,-1
2018,25,-1,-1,-1
2018,25,-1,-1,-1
2018,26,-1,-1,-1
2018,27,-1,-1,-1
2018,28,-1,-1,-1
2018,29,2840,2938,0
2018,29,2939,2997,0
2018,30,2998,3107,0
2018,31,3108,3221,0
2018,32,3223,3309,0
2018,33,3310,3362,0
2018,34,3364,3442,0
2018,35,3443,3498,0
2018,36,3500,3568,0
2018,37,3116,3290,0
2018,38,3292,3363,0
2018,39,3365,3566,0
2018,40,3567,3712,0
2018,41,3713,3983,0
2018,42,3904,4078,0
2018,43,4079,4136,0
2018,44,4712,4856,0
2018,45,4857,5091,0
2018,46,5092,5248,0
2018,47,5251,5322,0
2018,48,5325,5462,0
2018,49,5464,5626,0
2018,50,5627,5748,0
2018,51,5749,5813,0
2018,52,5816,5902,1
2018,52,5903,6011,0
2018,53,6012,6096,2
2018,55,6344,6439,0
2018,56,6441,6560,0
2018,57,6562,6730,0
2018,58,6731,6862,0
2018,60,27271,27459,5
2018,61,27461,27546,0
2018,62,27548,27675,5
2018,62,27676,27777,0
2018,63,28025,28136,0
2018,64,28245,28334,0
2018,64,28335,28724,0
2018,65,28725,28892,0
2018,65,28893,28929,0
2018,67,7758,7828,0
2018,68,8426,8528,0
2018,69,8529,8601,0
2018,70,8602,8689,0
2018,70,8690,8789,0
2018,71,8792,9059,0
2018,72,9062,9183,0
2018,73,9184,9423,0
2018,74,9425,9590,0
2018,76,9658,9893,0
2018,77,9896,9963,0
2018,78,9965,10058,0
2018,79,10059,10110,0
2018,79,10111,10215,0
2018,81,10315,10516,0
2018,81,10517,10571,0
2018,82,10574,10647,0
2018,82,10648,10733,0
2018,83,11176,11364,0
2018,84,11598,11692,0
2018,87,481,549,0
2018,88,591,720,0
2018,89,721,1002,0
2018,90,1009,1195,0
2018,91,1845,2052,0
2018,92,2053,2136,0
2018,93,2219,2415,0
2018,94,2422,2499,0
2018,95,2826,3035,0
2018,96,3281,3367,0
2018,97,3472,3573,0
2018,98,3652,3707,0
2023,1,-1,-1,-1
2023,2,-1,-1,-1
2023,3,-1,-1,-1
2023,4,-1,-1,-1
2023,5,-1,-1,-1
2023,6,-1,-1,-1
2023,7,-1,-1,-1
2023,8,-1,-1,-1
2023,9,-1,-1,-1
2023,10,-1,-1,-1
2023,11,-1,-1,-1
2023,12,-1,-1,-1
2023,13,-1,-1,-1
2023,14,-1,-1,-1
2023,15,-1,-1,-1
2023,16,-1,-1,-1
2023,17,-1,-1,-1
2023,18,-1,-1,-1
2023,19,-1,-1,-1
2023,20,-1,-1,-1
2023,21,-1,-1,-1
2023,22,-1,-1,-1
2023,23,-1,-1,-1
2023,24,-1,-1,-1
2023,25,-1,-1,-1
2023,26,-1,-1,-1
2023,27,-1,-1,-1
2023,28,-1,-1,-1
2023,29,-1,-1,-1
2023,30,-1,-1,-1
2023,31,-1,-1,-1
2023,32,-1,-1,-1
2023,33,-1,-1,-1
2023,34,-1,-1,-1
2023,35,-1,-1,-1
2023,36,-1,-1,-1
2023,37,-1,-1,-1
2023,38,-1,-1,-1
2023,39,-1,-1,-1
2023,40,-1,-1,-1
2023,41,-1,-1,-1
2023,42,-1,-1,-1
2023,43,-1,-1,-1
2023,44,-1,-1,-1
2023,45,-1,-1,-1
2023,46,-1,-1,-1
2023,47,-1,-1,-1
2023,48,-1,-1,-1
2023,49,-1,-1,-1
2023,50,-1,-1,-1
2023,51,-1,-1,-1
2023,52,-1,-1,-1
2023,53,-1,-1,-1
2023,54,-1,-1,-1
2023,55,-1,-1,-1
2023,56,-1,-1,-1
2023,57,-1,-1,-1
2023,58,-1,-1,-1
2023,59,-1,-1,-1
2023,60,-1,-1,-1
2023,61,-1,-1,-1
2023,62,-1,-1,-1
2023,63,-1,-1,-1
2023,64,-1,-1,-1
2023,65,-1,-1,-1
2023,66,-1,-1,-1
2023,67,-1,-1,-1
2023,68,-1,-1,-1
2023,69,-1,-1,-1
2023,70,-1,-1,-1
2023,71,-1,-1,-1
2023,72,-1,-1,-1
2023,73,-1,-1,-1
2023,74,-1,-1,-1
2023,75,-1,-1,-1
2023,76,-1,-1,-1
2023,77,-1,-1,-1
2023,78,-1,-1,-1
2023,79,-1,-1,-1
2023,80,-1,-1,-1
2023,81,-1,-1,-1
2023,82,-1,-1,-1
2023,83,-1,-1,-1
2023,84,-1,-1,-1
2023,85,-1,-1,-1
2023,86,-1,-1,-1
2023,87,-1,-1,-1
2023,88,-1,-1,-1
2023,89,-1,-1,-1
2023,90,-1,-1,-1
2023,91,-1,-1,-1
2023,92,-1,-1,-1
2023,93,-1,-1,-1
2023,94,-1,-1,-1
2023,95,-1,-1,-1
2023,96,-1,-1,-1
2023,97,-1,-1,-1
2023,98,-1,-1,-1
2042,1,597,695,0
2042,2,696,759,0
2042,4,2023,2143,0
2042,6,3742,3907,0
2042,7,3908,4031,0
2042,8,4032,4143,0
2042,19,2159,2339,0
2042,20,2340,2418,0
2042,20,2419,2446,0
2042,23,2448,2674,0
2042,24,2675,2833,0
2042,25,2834,2886,0
2042,25,2887,2918,0
2042,26,2919,3020,0
2042,49,5779,5865,0
2042,50,5866,5958,0
2042,51,5959,6100,0
2042,52,6101,6203,0
2042,53,6204,6328,0
2042,54,6329,6395,0
2042,55,6396,6524,2
2042,56,6525,6692,0
2042,57,6693,6812,0
2042,58,4600,4651,0
2042,59,4652,4710,0
2042,60,4711,4788,0
2042,61,4789,4929,0
2042,62,4930,5051,0
2042,63,5052,5179,0
2042,64,5180,5229,0
2042,88,6544,6664,0
2042,89,6669,6748,0
2042,90,6753,6874,0
2042,91,6879,6985,0
2042,92,6990,7081,0
2042,93,7086,7196,0
2042,94,7201,7274,0
2002,4,307,518,0
2002,5,519,740,0
2002,6,519,740,0
2002,7,741,885,0
2002,8,5859,5949,0
2002,9,5955,6061,0
2002,10,6062,6286,0
2002,11,6438,6565,3
2002,12,6566,6868,0
2002,13,2361,2563,0
2002,13,2564,2677,0
2002,14,2989,3115,0
2002,15,2989,3115,0
2002,16,3116,3321,0
2002,17,3339,3467,0
2002,18,14876,15133,0
2002,19,3187,3275,1
2002,19,2248,2417,4
2002,20,4202,4301,4
2002,20,4302,4451,0
2002,21,4452,4836,0
2002,21,4837,5012,2
2002,21,6013,6120,0
2002,22,17371,17729,2
2002,23,17981,18375,0
2002,24,9881,10227,0
2002,26,10430,10535,0
2002,27,10584,10639,0
2002,27,10640,10720,0
2002,28,11177,11324,0
2002,29,12810,12902,0
2002,30,13174,13239,0
2002,31,13242,13297,0
2002,31,13381,13472,0
2002,32,13992,14075,0
2002,32,14076,14132,0
2002,33,14133,14312,0
2002,34,14501,14638,0
2002,35,14639,14758,0
2002,36,15129,15192,0
2002,37,15194,15432,0
2002,38,15194,15432,0
2002,39,-1,-1,-1
2002,40,-1,-1,-1
2002,41,-1,-1,-1
2002,42,-1,-1,-1
2002,43,-1,-1,-1
2002,44,-1,-1,-1
2002,45,-1,-1,-1
2002,46,-1,-1,-1
2002,47,4199,4337,0
2002,48,-1,-1,-1
2002,49,-1,-1,-1
2002,50,4575,4677,0
2002,50,4678,4711,0
2002,51,4714,4950,0
2002,52,4714,4950,0
2002,53,4714,4950,0
2002,54,52295,52410,0
2002,55,4952,5052,0
2002,56,5675,5828,0
2002,57,5829,5991,0
2002,57,5992,6051,0
2002,58,6053,6538,0
2002,59,6053,6538,0
2002,60,6053,6538,0
2002,61,6541,6682,0
2002,62,6541,6682,0
2002,63,6744,7056,0
2002,64,6744,7056,0
2002,65,7057,7190,0
2002,66,7193,7343,0
2002,67,7344,7507,0
2002,68,7508,7689,0
2002,69,7690,7984,0
2002,69,7985,8091,0
2002,70,7690,7984,0
2002,71,8248,8354,0
2002,72,8355,8575,0
2002,73,8577,8832,0
2002,74,19843,20084,4
2002,74,20085,20197,6
2002,75,20358,20498,0
2002,76,20687,20899,1
2002,77,20900,21086,0
2002,77,21087,21299,6
2002,78,16570,16716,1
2002,78,16670,16716,0
2002,80,51428,51753,0
2002,81,51754,52291,8
2002,82,51754,52291,8
2002,83,51754,52291,8
2002,84,51754,52291,8
2002,85,51754,52291,8
2002,86,59602,59666,0
2002,87,60309,60469,0
2002,88,10880,11088,5
2002,89,17686,17762,0
2002,90,17764,17853,0
2002,91,17854,17928,0
2002,91,17929,18046,0
2002,92,18047,18095,0
2002,92,18097,18141,0
2002,92,18142,18258,0
2002,93,13541,13881,2
2002,94,13882,14050,1
2002,95,17333,17516,5
2002,96,9489,9597,0
2002,97,10440,10560,0
2002,98,10561,10709,0
2002,99,16760,16903,2
2002,100,10710,10752,0
2002,100,10753,10885,0
2002,101,37371,37484,6
2002,102,40370,40448,33
2006,16,9792,9937,0
2006,17,8603,8809,0
2006,19,7369,7498,57
2006,20,7443,7498,0
2006,22,7665,7725,0
2006,26,9097,9150,0
2006,27,9151,9263,0
2006,28,9265,9381,0
2006,29,9382,9548,0
2006,30,9549,9656,0
2006,31,9658,9808,0
2006,32,9809,9957,0
2006,33,9958,10128,0
2006,34,10129,10182,0
2006,35,10184,10471,0
2006,36,10472,10651,0
2006,50,13239,13521,138
2006,51,13384,13521,0
2006,52,13694,13783,0
2006,53,13784,13892,0
2006,54,13894,14093,0
2006,55,14264,14458,0
2006,56,14552,14664,0
2006,57,14665,14754,0
2006,60,457,569,0
2006,61,570,739,0
2006,62,1074,1199,0
2006,63,1200,1379,0
2006,64,1380,1515,0
2006,68,2014,2131,0
2012,1,10541,10584,0
2012,2,10585,10870,0
2012,3,4435,4669,0
2012,4,12640,12950,0
2012,5,4035,4121,0
2012,6,4122,4375,0
2012,8,12951,13126,0
2012,9,15542,15666,0
2012,10,15419,15524,0
2012,11,4834,5026,0
2012,13,13652,13969,0
2012,14,13970,14123,0
2012,15,14124,14247,0
2012,15,14248,14370,0
2012,16,14371,14500,0
2012,17,14501,14684,0
2012,18,5629,5695,0
2012,19,5697,5952,0
2012,21,6612,6704,0
2012,21,6705,6795,0
2012,22,6796,6908,0
2012,22,6909,7003,0
2012,23,7004,7091,0
2012,24,7092,7362,0
2012,24,7363,7461,0
2012,26,7463,7695,0
2012,27,7824,7992,0
2012,29,7993,8204,0
2012,30,7923,8131,0
2012,31,8132,8285,0
2012,33,10045,10092,0
2012,34,10093,10353,0
2012,35,9604,10043,0
2012,36,14687,14947,0
2012,37,14948,15027,0
2012,37,15028,15095,0
2012,38,15096,15159,0
2012,38,15160,15218,0
2012,39,15219,15416,0
2012,40,10412,10512,0
2012,41,10513,10582,0
2012,43,1042,1133,0
2012,43,1134,1186,0
2012,44,2173,2265,0
2012,45,2266,2431,0
2012,47,2266,2431,0
2012,48,2432,2526,0
2012,49,2527,2572,0
2012,49,2573,2667,0
2012,50,6671,6734,0
2012,50,6735,6783,0
2012,51,6784,6895,0
2012,52,6896,6973,0
2012,52,6974,7074,0
2012,53,4620,4763,0
2012,54,4764,4934,0
2012,55,4935,4995,0
2012,56,4996,5116,0
2012,57,5117,5320,0
2012,58,5321,5505,0
2012,59,15783,15957,0
2012,60,5506,5641,0
2012,61,15669,15717,0
2012,61,15718,15782,0
2012,62,5642,5729,0
2012,63,8827,8943,0
2012,64,8944,9076,0
2012,65,15960,16007,0
2012,66,9077,9176,0
2012,67,16008,16089,0
2012,68,9177,9270,0
2012,69,16179,16335,0
2012,70,16336,16472,0
2012,71,16473,16700,0
2012,72,6470,6648,0
2012,73,6649,6905,0
2012,74,16703,17066,0
2012,75,6906,7004,0
2012,76,7005,7224,0
2012,77,17517,17760,0
2012,78,17763,17880,0
2012,83,3303,3405,0
2012,84,3406,3544,0
2012,85,3992,4175,0
2012,88,18245,18562,0
2012,89,1179,1244,0
2012,90,1245,1606,0
2012,91,4127,4202,0
2012,92,4203,4262,0
2012,93,4263,4387,0
2012,94,4388,4465,0
2012,95,5234,5313,0
2012,96,5314,5533,0
2012,97,5534,5615,0
2012,98,5616,5786,0
2012,99,5785,5978,0
2012,100,6041,6215,0
2022,1,-1,-1,-1
2022,2,-1,-1,-1
2022,3,-1,-1,-1
2022,4,-1,-1,-1
2022,5,-1,-1,-1
2022,6,-1,-1,-1
2022,7,-1,-1,-1
2022,8,-1,-1,-1
2022,9,-1,-1,-1
2022,10,-1,-1,-1
2022,11,-1,-1,-1
2022,12,-1,-1,-1
2022,13,-1,-1,-1
2022,14,-1,-1,-1
2022,15,-1,-1,-1
2022,16,-1,-1,-1
2022,17,-1,-1,-1
2022,18,-1,-1,-1
2022,19,-1,-1,-1
2022,20,-1,-1,-1
2022,21,-1,-1,-1
2022,22,-1,-1,-1
2022,23,-1,-1,-1
2022,24,-1,-1,-1
2022,25,-1,-1,-1
2022,26,-1,-1,-1
2022,27,-1,-1,-1
2022,28,-1,-1,-1
2022,29,-1,-1,-1
2022,31,-1,-1,-1
2022,32,-1,-1,-1
2022,33,-1,-1,-1
2022,34,-1,-1,-1
2022,35,-1,-1,-1
2022,36,-1,-1,-1
2022,37,-1,-1,-1
2022,38,-1,-1,-1
2022,39,-1,-1,-1
2022,40,-1,-1,-1
2022,41,-1,-1,-1
2022,42,-1,-1,-1
2022,43,-1,-1,-1
2022,44,-1,-1,-1
2022,45,-1,-1,-1
2022,46,-1,-1,-1
2022,47,-1,-1,-1
2022,48,-1,-1,-1
2022,49,-1,-1,-1
2022,50,-1,-1,-1
2022,51,-1,-1,-1
2022,52,-1,-1,-1
2022,53,-1,-1,-1
2022,54,-1,-1,-1
2022,55,-1,-1,-1
2022,56,-1,-1,-1
2022,57,-1,-1,-1
2022,58,-1,-1,-1
2022,59,-1,-1,-1
2022,60,-1,-1,-1
2022,61,-1,-1,-1
2022,62,-1,-1,-1
2022,63,-1,-1,-1
2022,64,-1,-1,-1
2022,65,-1,-1,-1
2022,66,-1,-1,-1
2022,67,-1,-1,-1
2022,68,-1,-1,-1
2022,69,-1,-1,-1
2022,70,-1,-1,-1
2022,71,-1,-1,-1
2022,72,-1,-1,-1
2022,73,-1,-1,-1
2022,74,-1,-1,-1
2022,75,-1,-1,-1
2022,76,-1,-1,-1
2022,77,-1,-1,-1
2022,78,-1,-1,-1
2022,79,-1,-1,-1
2022,80,-1,-1,-1
2022,81,-1,-1,-1
2022,82,-1,-1,-1
2022,83,-1,-1,-1
2022,84,-1,-1,-1
2022,85,-1,-1,-1
2022,86,-1,-1,-1
2022,87,-1,-1,-1
2022,88,-1,-1,-1
2022,89,-1,-1,-1
2022,90,-1,-1,-1
2022,91,-1,-1,-1
2022,92,-1,-1,-1
2022,93,-1,-1,-1
2022,94,-1,-1,-1
2022,95,-1,-1,-1
2022,96,-1,-1,-1
2022,97,-1,-1,-1
2022,98,-1,-1,-1
2022,99,-1,-1,-1
2022,100,-1,-1,-1
2039,1,931,1181,1
2039,2,1211,1390,0
2039,3,7324,7456,0
2039,4,7457,7794,0
2039,5,7795,7906,0
2039,6,7907,8053,0
2039,7,8054,8154,0
2039,8,8355,8420,0
2039,9,8421,8685,0
2039,10,8686,8759,0
2039,10,8760,8867,0
2039,11,8868,9026,0
2039,12,9028,9238,0
2039,13,1391,1523,0
2039,14,1126,1248,0
2039,15,1249,1471,0
2039,15,1472,1577,0
2039,16,1578,1684,0
2039,16,1685,1780,1
2039,17,1781,1907,0
2039,18,2000,2202,0
2039,18,2470,2657,0
2039,19,2203,2469,0
2039,20,-1,-1,-1
2039,21,-1,-1,-1
2039,22,-1,-1,-1
2039,23,-1,-1,-1
2039,24,-1,-1,-1
2039,24,-1,-1,-1
2039,25,2913,3209,0
2039,26,2560,2746,0
2039,27,2747,2880,0
2039,28,-1,-1,-1
2039,29,-1,-1,-1
2039,30,3211,3313,0
2039,31,3314,3530,0
2039,32,3598,3759,0
2039,32,3760,3969,0
2039,33,2536,2738,0
2039,34,2742,2879,0
2039,35,2880,3135,0
2039,36,3138,3296,0
2039,36,3297,3417,0
2039,37,3418,3607,0
2039,38,3608,3756,0
2039,38,3757,3977,0
2039,39,3969,4068,0
2039,40,4069,4121,0
2039,40,4122,4250,0
2039,41,4251,4303,0
2039,41,4304,4386,0
2039,42,4387,4485,0
2039,43,4486,4568,0
2039,43,4569,4685,0
2039,44,4686,4730,0
2039,45,4731,4773,0
2039,46,4776,5003,0
2039,47,4104,4225,0
2039,48,4226,4323,0
2039,48,4324,4439,0
2039,50,894,958,0
2039,51,959,1045,0
2039,52,1046,1171,0
2039,53,1172,1243,0
2039,54,1245,1381,0
2039,54,1382,1462,0
2039,55,1463,1539,0
2039,56,1540,1606,0
2039,56,1607,1647,0
2039,56,1648,1679,0
2039,57,1680,1788,0
2039,58,1789,1868,0
2039,59,1869,2031,0
2039,60,2032,2134,0
2039,61,2136,2334,0
2039,62,6613,6795,0
2039,63,6796,6976,0
2039,64,6979,7187,0
2039,65,7284,7451,0
2039,65,7452,7522,0
2039,66,7523,7682,0
2039,67,4734,4851,0
2039,68,7978,8338,0
2039,69,8339,8662,0
2039,70,8663,8772,0
2039,71,8773,8927,0
2039,72,8930,9133,0
2039,73,9134,9351,0
2039,74,9352,9435,0
2039,74,9436,9469,1
2039,75,9559,9782,0
2039,76,4852,4955,0
2039,76,4956,5105,0
2039,77,5547,5771,0
2039,77,5848,5965,0
2039,78,5568,5710,0
2039,79,5772,5847,0
2039,79,5966,6107,3
2039,80,9347,9417,0
2039,80,9418,9669,0
2039,81,9670,9898,0
2039,82,9899,10008,0
2039,83,10009,10196,0
2039,84,10197,10499,0
2039,85,10502,10574,0
2039,85,10576,10928,151
2039,86,11390,11563,0
2039,87,11564,11820,0
2039,88,6275,6392,0
2039,89,6393,6473,0
2039,89,6474,6657,0
2039,90,8349,8414,0
2039,91,8415,8570,0
2039,92,8571,8685,0
2039,93,8686,8785,0
2039,94,-1,-1,-1
2039,95,12001,12340,0
2039,96,12341,12650,0
2039,96,12651,12785,0
2039,97,8954,9059,1
2039,98,-1,-1,-1
2039,98,201,271,3
2039,99,-1,-1,-1
2039,100,-1,-1,-1
2013,1,-1,-1,-1
2013,2,272,377,0
2013,3,378,481,0
2013,4,482,577,0
2013,5,578,691,0
2013,6,2021,2303,0
2013,7,2304,2422,0
2013,7,2423,2509,0
2013,8,767,821,0
2013,8,822,910,0
2013,10,693,805,0
2013,10,806,875,0
2013,10,876,928,0
2013,11,929,1048,0
2013,11,1049,1093,0
2013,12,4107,4228,0
2013,13,4229,4404,0
2013,14,3710,3824,0
2013,15,1344,1417,0
2013,16,4405,4536,0
2013,17,4537,4650,0
2013,18,4056,4151,0
2013,19,1418,1531,0
2013,20,6135,6224,0
2013,21,6226,6327,0
2013,23,6328,6393,1
2013,24,6395,6546,0
2013,25,6547,6609,0
2013,25,6610,6653,0
2013,26,6655,6721,0
2013,26,-1,-1,-1
2013,26,6806,6880,0
2013,27,7153,7277,0
2013,29,7313,7411,0
2013,30,-1,-1,-1
2013,31,7602,7796,0
2013,32,7798,7947,0
2013,34,7948,8099,1
2013,34,8100,8155,0
2013,35,8156,8364,0
2013,36,4884,5045,0
2013,38,5741,5797,0
2013,38,5798,5823,0
2013,38,5824,5844,0
2013,39,8759,8820,0
2013,39,8821,8877,0
2013,40,8961,9093,0
2013,40,9094,9149,0
2013,41,9203,9296,0
2013,42,9297,9450,2
2013,43,9591,9731,0
2013,44,9732,9826,1
2013,45,9987,10095,0
2013,45,10096,10144,0
2013,45,10145,10224,0
2013,46,10267,10494,0
2013,47,10496,10609,0
2013,47,10610,10755,0
2013,48,11039,11122,0
2013,49,11123,11335,0
2013,50,11337,11473,0
2013,51,11474,11565,0
2013,53,12358,12535,0
2013,54,12539,12794,0
2013,55,12795,12866,0
2013,56,12867,12926,0
2013,56,12927,12950,0
2013,56,12951,13012,0
2013,57,13470,13611,0
2013,58,13612,13745,0
2013,59,13747,13878,0
2013,59,13879,14017,0
2013,59,14018,14066,0
2013,60,14068,14105,0
2013,60,14106,14250,0
2013,61,14586,14707,0
2013,62,14708,14795,0
2013,62,14796,14898,0
2013,63,7022,7135,0
2013,64,15185,15317,0
2013,64,15318,15378,0
2013,65,15380,15468,0
2013,66,15897,15947,0
2013,66,15948,16028,0
2013,67,16037,16104,0
2013,68,16363,16504,0
2013,68,16105,16173,0
2013,69,17412,17502,0
2013,70,17503,17654,0
2013,71,17655,17775,0
2013,72,16505,16662,0
2013,72,16663,16792,0
2013,73,18090,18169,0
2013,74,18170,18311,0
2013,75,18314,18422,0
2013,76,18423,18541,0
2013,77,19255,19393,0
2013,77,19394,19480,0
2013,78,19742,19799,0
2013,79,19800,19905,0
2013,80,19906,19983,0
2013,80,19984,20096,0
2013,81,20098,20173,0
2013,81,20174,20254,0
2013,82,2794,2893,0
2013,83,20257,20394,0
2013,84,20395,20490,0
2013,85,20491,20525,0
2013,85,20526,20640,0
2013,86,20641,20725,0
2013,87,20727,20835,0
2013,88,20836,20985,3
2013,89,20986,21014,0
2013,89,21015,21212,128
2013,90,21085,21212,0
2013,91,8696,8801,0
2013,91,8802,8843,0
2013,93,21298,21404,0
2013,93,21405,21517,0
2013,94,21518,21648,0
2013,95,21649,21736,0
2013,95,21737,21845,0
2013,96,22147,22231,0
2013,96,22232,22296,0
2013,98,4777,4813,0
2013,98,4814,4967,0
2013,99,4968,5034,0
2013,100,9148,9244,0
2013,100,9245,9350,0
2011,1,-1,-1,-1
2011,2,-1,-1,-1
2011,3,-1,-1,-1
2011,4,-1,-1,-1
2011,5,-1,-1,-1
2011,6,-1,-1,-1
2011,7,-1,-1,-1
2011,8,-1,-1,-1
2011,9,-1,-1,-1
2011,10,-1,-1,-1
2011,11,-1,-1,-1
2011,12,-1,-1,-1
2011,20,-1,-1,-1
2011,21,-1,-1,-1
2011,22,-1,-1,-1
2011,24,-1,-1,-1
2011,25,-1,-1,-1
2011,26,-1,-1,-1
2011,27,-1,-1,-1
2011,28,-1,-1,-1
2011,29,-1,-1,-1
2011,30,-1,-1,-1
2011,31,-1,-1,-1
2011,32,-1,-1,-1
2011,34,-1,-1,-1
2011,35,-1,-1,-1
2011,36,-1,-1,-1
2011,37,-1,-1,-1
2011,38,-1,-1,-1
2011,40,-1,-1,-1
2011,41,-1,-1,-1
2011,42,-1,-1,-1
2011,43,-1,-1,-1
2011,44,-1,-1,-1
2011,47,-1,-1,-1
2011,48,-1,-1,-1
2011,49,-1,-1,-1
2011,50,-1,-1,-1
2011,51,-1,-1,-1
2011,52,-1,-1,-1
2011,69,-1,-1,-1
2011,70,-1,-1,-1
2011,71,-1,-1,-1
2011,72,-1,-1,-1
2011,73,-1,-1,-1
2011,74,-1,-1,-1
2011,75,-1,-1,-1
2011,76,-1,-1,-1
2011,77,-1,-1,-1
2011,78,-1,-1,-1
2011,79,-1,-1,-1
2011,80,-1,-1,-1
2011,81,-1,-1,-1
2011,82,-1,-1,-1
2011,83,-1,-1,-1
2011,84,-1,-1,-1
2011,85,-1,-1,-1
2011,86,-1,-1,-1
2011,87,-1,-1,-1
2011,88,-1,-1,-1
2011,89,-1,-1,-1
2011,90,-1,-1,-1
2011,91,-1,-1,-1
2011,92,-1,-1,-1
2011,93,-1,-1,-1
2011,94,-1,-1,-1
2011,95,-1,-1,-1
2011,96,-1,-1,-1
2011,97,-1,-1,-1
2011,98,-1,-1,-1
2011,99,-1,-1,-1
2037,2,223,431,0
2037,3,432,623,0
2037,4,624,758,0
2037,6,2290,2362,0
2037,6,2363,2446,0
2037,7,2670,2767,0
2037,8,3097,3245,1
2037,8,3155,3245,0
2037,9,3719,3825,0
2037,10,4127,4230,0
2037,11,4637,4779,0
2037,12,5292,5391,0
2037,13,6106,6189,0
2037,14,6860,6966,0
2037,14,6967,7010,0
2037,15,7044,7112,0
2037,16,7113,7243,0
2037,17,7837,7937,0
2037,18,2415,2694,0
2037,19,2229,2414,0
2037,20,4049,4117,0
2037,21,4118,4288,0
2037,22,4693,4829,0
2037,25,7475,7572,0
2037,26,7573,7721,0
2037,27,7722,7814,0
2037,28,29922,30018,0
2037,29,30019,30089,0
2037,31,19104,19221,0
2037,32,19222,19290,0
2037,33,6597,6709,0
2037,33,6710,6785,0
2037,34,6786,6886,0
2037,35,3681,3792,0
2037,36,3513,3680,0
2037,37,20472,20527,0
2037,38,20528,20619,0
2037,39,20946,21015,0
2037,40,7984,8070,0
2037,41,8072,8170,0
2037,42,8171,8308,0
2037,43,9469,9529,0
2037,44,8934,9026,0
2037,45,1079,1157,0
2037,45,1158,1208,0
2037,50,27864,27923,0
2037,50,27924,27973,0
2037,51,30266,30421,0
2037,52,22910,22973,0
2037,53,22974,23038,0
2037,53,23039,23116,0
2037,54,23139,23288,0
2037,55,5809,5905,0
2037,55,5906,6051,0
2037,56,23289,23399,0
2037,57,9550,9611,0
2037,58,9612,9721,0
2037,59,12731,12871,0
2037,60,12872,12970,0
2037,61,13759,13902,0
2037,62,13903,14100,0
2037,63,16087,16199,0
2037,64,20653,20770,0
2037,65,7438,7509,0
2037,65,7510,7616,0
2037,66,7617,7815,0
2037,67,7816,7903,0
2037,68,11928,12044,0
2037,69,12045,12131,0
2037,70,3244,3322,0
2037,71,6744,6849,0
2037,72,2962,3105,0
2037,72,3024,3105,0
2037,73,3868,3907,0
2037,73,3908,3951,0
2037,74,3952,4101,0
2037,75,4102,4185,0
2037,76,13747,13837,0
2037,76,13802,13837,0
2037,77,3348,3423,0
2037,78,3424,3491,0
2037,79,3492,3598,0
2037,80,6667,6713,0
2037,81,5089,5201,0
2037,82,523,595,0
2037,83,597,749,0
2037,84,1847,1950,1
2037,85,1951,2061,0
2037,86,2937,3082,0
2037,87,3083,3183,0
2037,88,3275,3433,0
2037,89,1520,1614,0
2037,90,1827,1988,0
2037,91,2895,3049,0
2037,92,3099,3196,0
2037,93,10465,10592,0
2037,94,10814,10914,0
2037,95,11428,11543,0
2037,96,11718,11834,0
2037,97,13054,13170,0
2037,98,13563,13669,0
2037,99,13798,13932,0
2037,100,14199,14337,0
2037,102,6016,6118,0
2037,103,5797,5864,0
2037,104,5865,5934,0
2037,105,5935,6015,0
2033,1,629,1140,0
2033,2,223,599,0
2033,3,607,857,0
2033,4,1141,1375,1
2033,5,1377,1603,0
2033,6,2017,2201,0
2033,7,2202,2278,0
2033,9,2644,2862,1
2033,10,2863,3126,0
2033,11,3127,3244,0
2033,12,3245,3540,4
2033,12,3541,3580,0
2033,12,3581,3680,0
2033,12,3681,3757,0
2033,13,4097,4340,0
2033,14,4342,4552,0
2033,15,4554,4743,0
2033,16,4744,4974,0
2033,17,4976,5421,4
2033,18,5491,5736,0
2033,19,5738,5884,0
2033,20,5885,6124,4
2033,20,6125,6208,0
2033,20,6209,6275,0
2033,21,6367,6478,0
2033,22,6481,6565,0
2033,23,6566,6640,0
2033,24,6683,6787,0
2033,25,6789,7070,0
2033,26,7071,7256,0
2033,27,7258,7509,0
2033,28,7511,7662,0
2033,29,7663,8009,0
2033,30,8011,8140,0
2033,31,8141,8618,0
2033,32,8620,9255,2
2033,33,9256,9486,0
2033,34,9487,9549,0
2033,35,9551,9611,0
2033,36,9797,9907,0
2033,37,9908,9995,0
2033,38,9996,10140,0
2033,39,10141,10286,0
2033,40,10336,10414,0
2033,41,10415,10519,0
2033,42,10520,10637,0
2033,43,10638,10732,0
2033,44,10733,10989,0
2033,45,11108,11202,0
2033,46,11203,11346,0
2033,47,11347,11509,0
2033,48,11510,11674,0
2033,49,11675,11804,1
2033,50,11805,12119,0
2033,51,4411,4638,0
2033,52,12120,12305,0
2033,53,12306,12433,0
2033,54,12435,12574,0
2033,55,12575,12687,1
2033,56,12688,12843,0
2033,57,5479,5566,0
2033,58,5567,5719,0
2033,59,12844,12959,0
2033,60,16452,16670,23
2033,61,16671,16873,23
2033,62,16874,16932,0
2033,63,16934,16994,0
2033,64,9547,9642,0
2033,65,16995,17081,0
2033,66,17082,17181,0
2033,67,17237,17381,0
2033,68,17382,17640,0
2033,69,18074,18200,1
2033,70,18566,18715,0
2033,71,1288,1544,0
2033,72,5728,6015,0
2033,73,7658,7771,0
2033,74,7772,7976,0
2033,75,9759,10090,137
2033,76,9960,10090,0
2033,77,3575,3630,0
2033,78,3631,3691,0
2033,79,-1,-1,-1
2033,80,308,346,1
2033,80,431,510,0
2033,80,559,589,0
2033,81,-1,-1,-1
2033,81,1035,1097,0
2033,81,1098,1142,0
2033,82,1146,1220,1
2033,82,1221,1315,0
2033,83,1467,1641,0
2033,84,1697,1950,0
2033,85,2090,2239,54
2033,85,2240,2282,0
2033,86,2587,2653,1
2033,86,2654,2697,0
2033,87,3347,3425,0
2033,87,3426,3485,0
2033,88,3487,3536,2
2033,88,3537,3613,0
2033,88,3614,3668,0
2033,89,3669,3716,0
2033,89,3717,3788,0
2033,89,3789,3830,0
2033,90,3966,4065,0
2033,90,4066,4146,0
2033,90,4147,4225,0
2033,91,4227,4292,2
2033,91,4293,4463,0
2033,92,4464,4583,0
2033,92,4584,4638,0
2033,93,4727,4900,0
2033,93,4901,5017,0
2033,94,5019,5187,2
2033,95,5188,5291,0
2033,96,468,512,0
2033,96,513,814,0
2033,97,976,1186,0
2033,98,3145,3232,0
2033,98,3233,3373,0
2033,99,3374,3539,0
2033,100,3808,3848,0
2033,100,3849,4006,0
2028,5,821,906,0
2028,6,907,1080,0
2028,7,1081,1303,0
2028,8,1304,1381,0
2028,8,1382,1437,0
2028,9,1453,1586,0
2028,10,1587,1737,0
2028,10,1738,1773,0
2028,11,1774,1869,0
2028,12,2395,2517,0
2028,13,2518,2644,0
2028,14,2645,2810,0
2028,15,2826,2932,0
2028,16,2933,3028,0
2028,17,3111,3389,0
2028,18,3405,3600,0
2028,18,3601,3633,0
2028,19,3634,3784,0
2028,20,3800,3959,0
2028,22,5826,5912,0
2028,23,5913,6068,0
2028,24,6069,6114,0
2028,25,6115,6209,0
2028,26,6225,6447,0
2028,27,6699,6805,0
2028,28,6806,6963,0
2028,29,7242,7330,0
2028,30,7331,7484,0
2028,31,7562,7708,0
2028,32,7810,7920,0
2028,33,7921,8006,0
2028,35,705,880,0
2028,36,881,963,0
2028,37,965,1049,0
2028,38,1050,1236,0
2028,39,1248,1346,0
2028,39,1347,1420,0
2028,41,1542,1699,0
2028,41,1701,1743,0
2028,43,3242,3514,0
2028,44,3515,3639,0
2028,45,3651,3808,0
2028,46,3809,3924,0
2028,47,4468,4675,0
2028,48,5008,5155,0
2028,48,5156,5245,0
2028,49,5676,5806,0
2028,49,5807,5965,0
2028,50,7281,7454,0
2028,50,7455,7542,0
2028,51,8049,8193,0
2028,53,2299,2394,0
2028,54,2470,2591,0
2028,55,2593,2708,0
2028,56,2709,2763,0
2028,57,2765,2896,0
2028,58,2897,3048,0
2028,59,3049,3164,0
2028,60,3165,3295,0
2028,61,3296,3400,0
2028,62,3401,3510,0
2028,63,3511,3597,0
2028,64,3599,3661,0
2028,65,3662,3792,0
2028,66,3793,3890,0
2028,67,3892,4012,0
2028,68,4228,4324,0
2028,69,4325,4391,0
2028,69,4392,4486,0
2028,71,1178,1299,0
2028,72,1300,1470,0
2028,72,1482,1743,0
2028,73,2503,2620,0
2028,74,2621,2739,0
2028,75,2740,2829,0
2028,76,3084,3319,0
2028,77,3409,3464,0
2028,78,3465,3566,0
2028,79,3567,3664,0
2028,80,3811,3923,0
2028,81,3935,4048,0
2028,82,4049,4121,0
2028,83,4122,4220,0
2028,84,4445,4509,0
2028,85,5770,5799,0
2028,85,5800,5827,0
2028,86,5828,6077,0
2028,87,6172,6254,0
2028,88,6380,6489,0
2028,89,7132,7276,0
2028,90,7588,7702,0
2028,92,858,1008,0
2028,93,1050,1158,0
2028,94,1194,1476,0
2028,95,1744,1915,0
2028,96,1917,2008,0
2028,97,2076,2139,0
2028,98,2213,2543,0
2028,98,2543,2597,0
2028,99,2871,2943,0
2028,100,2944,3002,0
2028,101,3521,3597,0
2028,102,5534,5686,0
2028,103,6356,6491,0
2028,104,6579,6847,0
2028,105,6848,6988,0
2028,106,6989,7184,0
2028,107,7185,7233,0
2024,2,476,703,0
2024,3,706,858,1
2024,3,859,934,0
2024,5,-1,-1,-1
2024,6,2880,2984,0
2024,6,3018,3090,0
2024,6,3091,3208,0
2024,6,3209,3416,2
2024,6,3570,3672,0
2024,7,2847,3026,0
2024,8,3893,4035,22
2024,9,-1,-1,-1
2024,10,-1,-1,-1
2024,11,2265,2367,0
2024,11,2368,2439,0
2024,12,4036,4092,0
2024,13,4093,4204,0
2024,14,4313,4377,0
2024,15,4483,4522,0
2024,15,4523,4588,0
2024,16,5341,5426,0
2024,17,5427,5506,0
2024,18,5507,5580,0
2024,18,5581,5691,0
2024,19,4589,4678,0
2024,20,4679,4836,0
2024,21,4837,4902,4
2024,21,5116,5338,0
2024,22,7073,7187,0
2024,23,993,1188,0
2024,24,1611,1688,0
2024,25,1689,1925,0
2024,26,7404,7622,0
2024,26,7623,7802,0
2024,27,1819,2123,0
2024,28,1755,1879,0
2024,29,1880,2272,0
2024,30,6249,6348,0
2024,31,6349,6610,0
2024,32,7317,7415,0
2024,33,7416,7861,157
2024,34,8159,8241,0
2024,34,8242,8417,0
2024,35,7833,8013,0
2024,36,8327,8415,0
2024,37,8416,8517,0
2024,37,8518,8589,0
2024,39,8612,8665,0
2024,40,8666,8821,0
2024,42,8755,8864,0
2024,43,14498,14827,0
2024,44,9329,9371,0
2024,44,9431,9634,0
2024,45,9635,9653,0
2024,45,9654,9710,0
2024,45,9712,9743,0
2024,46,-1,-1,-1
2024,46,-1,-1,-1
2024,47,14830,14903,0
2024,48,14904,15054,0
2024,49,15055,15259,0
2024,50,15260,15423,0
2024,51,15600,15696,0
2024,52,16257,16321,0
2024,53,16687,16862,0
2024,54,16863,16969,1
2024,54,16970,17078,0
2024,55,10457,10663,1
2024,56,10664,10903,0
2024,57,11336,11437,1
2024,58,11438,11523,0
2024,58,11524,11625,0
2024,59,11626,11800,0
2024,60,11801,11946,0
2024,61,11947,12077,0
2024,62,2719,2830,0
2024,62,2831,2912,0
2024,63,2914,3011,0
2024,64,3012,3099,0
2024,65,3100,3216,0
2024,66,3218,3356,0
2024,67,3358,3398,0
2024,68,3399,3552,0
2024,69,3553,3619,0
2024,72,659,732,0
2024,73,733,798,0
2024,73,799,888,0
2024,74,-1,-1,-1
2024,75,-1,-1,-1
2024,76,-1,-1,-1
2024,76,-1,-1,-1
2024,77,-1,-1,-1
2024,78,-1,-1,-1
2024,79,-1,-1,-1
2024,80,-1,-1,-1
2024,81,-1,-1,-1
2024,82,-1,-1,-1
2024,83,-1,-1,-1
2024,84,5085,5181,0
2024,85,5183,5314,0
2024,86,5323,5457,0
2024,87,5607,5736,0
2024,88,6006,6148,0
2024,89,6915,7023,0
2024,90,16412,16552,0
2024,91,16730,16809,0
2024,92,16829,16962,3
2024,93,18134,18248,0
2024,94,18249,18332,0
2024,95,18333,18503,0
2024,96,17247,17309,0
2024,96,17310,17415,0
2024,97,19325,19375,0
2024,98,19376,19518,0
2024,99,19650,19815,0
2024,100,19818,19901,0
2024,101,20351,20553,0
2024,102,-1,-1,-1
2038,2,1087,1215,1
2038,3,1217,1336,0
2038,4,1337,1488,0
2038,5,1489,1676,0
2038,6,1714,1772,0
2038,6,1773,1824,0
2038,7,1825,1922,0
2038,8,1923,2055,0
2038,9,2123,2247,0
2038,10,2248,2280,0
2038,10,2281,2371,0
2038,11,2436,2535,0
2038,12,2761,2854,0
2038,13,3485,3606,0
2038,14,4016,4085,0
2038,15,5554,5645,0
2038,16,9608,9684,0
2038,16,9685,9737,0
2038,17,9738,9851,0
2038,18,9852,9968,0
2038,19,9969,10042,0
2038,19,10043,10091,0
2038,20,10097,10169,0
2038,21,10170,10304,0
2038,22,10305,10492,0
2038,23,10493,10546,0
2038,24,10547,10682,0
2038,25,10688,10831,0
2038,26,11143,11250,0
2038,27,11597,11870,0
2038,28,11876,12031,0
2038,29,12032,12162,0
2038,30,12168,12378,0
2038,31,12379,12511,0
2038,32,12688,12726,0
2038,32,12727,12761,0
2038,33,12762,12883,0
2038,34,12884,12995,0
2038,38,11029,11195,0
2038,39,3574,3686,0
2038,40,2677,2744,0
2038,41,2745,2867,0
2038,42,11197,11270,0
2038,43,5919,6040,0
2038,44,6041,6185,0
2038,45,11271,11377,0
2038,46,7504,7644,0
2038,47,7316,7329,0
2038,47,7330,7410,0
2038,48,8114,8278,0
2038,49,8045,8156,0
2038,50,4155,4225,0
2038,51,4226,4360,0
2038,52,4362,4469,0
2038,53,20195,20308,0
2038,54,20615,20718,0
2038,55,20724,20789,0
2038,56,20795,20870,0
2038,56,20871,20926,0
2038,57,20927,21034,0
2038,58,21310,21370,0
2038,59,21543,21611,0
2038,59,21612,21670,0
2038,60,22187,22258,0
2038,61,22495,22579,0
2038,62,22580,22732,0
2038,63,22733,22915,0
2038,64,23563,23723,0
2038,65,11379,11449,0
2038,66,11450,11685,0
2038,67,4778,4975,0
2038,68,4976,5074,0
2038,69,5075,5189,0
2038,70,11441,11513,0
2038,71,11653,11814,0
2038,72,5191,5314,0
2038,73,5315,5377,0
2038,73,5378,5437,0
2038,74,5438,5534,0
2038,75,5536,5604,0
2038,76,5605,5749,0
2038,77,8050,8152,0
2038,78,8153,8213,0
2038,78,8214,8272,0
2038,79,8273,8371,0
2038,80,9547,9642,0
2038,80,9643,9701,0
2038,81,9367,9546,0
2038,82,10029,10149,0
2038,82,10150,10196,0
2038,83,10991,11088,0
2038,84,15808,15884,0
2038,85,15885,16008,0
2038,86,16009,16108,0
2038,87,16110,16322,1
2038,88,16323,16379,0
2038,89,16381,16525,0
2038,90,16527,16771,0
2038,91,16773,16963,0
2038,92,16965,17211,0
2038,93,11833,11909,0
2038,94,11910,12027,0
2038,95,12028,12158,0
2038,96,444,571,0
2036,1,439,589,0
2036,2,590,737,0
2036,3,738,869,0
2036,4,875,993,0
2036,5,994,1100,0
2036,6,1101,1142,0
2036,7,1143,1215,0
2036,8,1221,1366,0
2036,9,1367,1643,0
2036,10,1644,1780,0
2036,11,1781,1851,0
2036,12,1852,1939,0
2036,13,1940,2084,0
2036,14,2098,2276,0
2036,15,2277,2353,0
2036,16,2354,2462,0
2036,18,2517,2616,0
2036,19,2617,2714,0
2036,20,2715,2872,0
2036,21,2873,3030,0
2036,22,3031,3182,0
2036,23,242,304,0
2036,24,305,480,0
2036,25,3781,3865,0
2036,26,3866,3936,0
2036,26,3937,4074,0
2036,27,4075,4189,0
2036,28,4191,4267,0
2036,29,4268,4350,0
2036,30,4352,4474,0
2036,31,4475,4583,0
2036,33,4634,4709,0
2036,35,4755,4856,0
2036,36,4906,4998,0
2036,37,4999,5096,0
2036,38,5097,5198,0
2036,39,5200,5294,0
2036,40,5295,5409,0
2036,41,5411,5540,0
2036,42,550,655,0
2036,42,656,809,0
2036,43,1276,1422,0
2036,43,1423,1500,0
2036,43,1501,1559,0
2036,44,1560,1711,0
2036,45,1712,1815,0
2036,46,1816,1917,0
2036,47,5625,5751,0
2036,47,5752,5811,0
2036,48,2489,2590,0
2036,49,2591,2713,0
2036,49,2714,2789,0
2036,50,2791,2896,0
2036,51,2897,3088,0
2036,52,3090,3223,0
2036,53,3224,3326,0
2036,54,3327,3547,0
2036,55,3548,3677,0
2036,56,4382,4528,0
2036,57,4529,4667,0
2036,58,4668,4742,0
2036,59,4747,4987,0
2036,60,4988,5138,0
2036,61,5139,5295,0
2036,62,5296,5411,0
2036,63,5412,5575,0
2036,63,5576,5655,0
2036,64,6156,6304,0
2036,65,6305,6510,0
2036,65,6511,6557,0
2036,66,6558,6665,0
2036,66,6666,6778,0
2036,66,6779,6804,0
2036,67,6807,7020,0
2036,68,7025,7106,0
2036,68,7107,7197,0
2036,69,7198,7269,0
2036,69,7332,7415,0
2036,70,7416,7518,0
2036,71,7519,7629,0
2036,72,7630,7718,0
2036,72,7721,7814,0
2036,73,7815,7953,0
2036,74,7958,8143,0
2036,75,8144,8252,0
2036,77,8314,8469,0
2036,78,8470,8597,0
2036,78,8598,8674,0
2036,79,8677,8838,0
2036,80,8841,8915,0
2036,81,7501,7609,0
2036,82,7610,7769,0
2036,83,7770,8058,0
2036,85,8125,8342,0
2036,86,9300,9417,0
2036,88,9471,9529,0
2036,88,9530,9655,0
2036,90,9690,9747,0
2036,91,9748,9820,0
2036,92,9824,9981,0
2036,93,9982,10068,0
2036,94,11910,12081,0
2036,95,12082,12260,0
2036,96,12261,12386,0
2036,97,6062,6290,0
2036,98,6291,6421,0
2036,99,6422,6511,0
2036,100,6512,6665,0
2021,1,782,880,0
2021,2,882,1068,0
2021,3,579,751,0
2021,4,752,983,0
2021,5,985,1127,0
2021,6,1129,1385,0
2021,7,1386,1496,0
2021,8,1502,1583,0
2021,8,-1,-1,-1
2021,9,591,833,0
2021,10,1090,1222,0
2021,11,1223,1407,0
2021,12,1495,1780,0
2021,13,1782,2094,0
2021,14,2095,2186,0
2021,15,-1,-1,-1
2021,16,2914,3138,0
2021,17,1525,1635,0
2021,18,1636,1720,0
2021,19,1721,1910,0
2021,20,2618,2781,0
2021,21,2782,2984,0
2021,22,2987,3104,0
2021,22,3106,3203,0
2021,23,3363,3496,0
2021,24,3497,3776,0
2021,25,4562,4705,0
2021,26,4708,4876,0
2021,27,4879,5099,0
2021,28,5239,5291,0
2021,28,5292,5367,0
2021,28,5368,5440,0
2021,29,5443,5521,0
2021,30,5524,5556,0
2021,30,5557,5726,0
2021,31,6378,6537,0
2021,32,6539,6774,0
2021,33,6775,6986,0
2021,34,6987,7154,0
2021,35,7239,7334,3
2021,35,7335,7417,0
2021,36,7661,7765,0
2021,37,7987,8049,0
2021,38,8337,8461,0
2021,39,8622,8669,0
2021,40,8895,8967,3
2021,41,10454,10645,0
2021,42,10646,10738,0
2021,43,10741,10930,0
2021,44,10931,11164,0
2021,45,11165,11429,0
2021,46,11430,11812,0
2021,47,13902,13938,0
2021,48,13940,14035,0
2021,49,14268,14463,0
2021,50,-1,-1,-1
2021,51,14770,14834,0
2021,51,15031,15135,0
2021,52,15275,15315,0
2021,52,15316,15346,0
2021,53,15382,15554,0
2021,54,15556,15619,0
2021,54,15620,15652,0
2021,55,20140,20204,0
2021,56,20205,20276,0
2021,57,20277,20436,0
2021,58,3048,3151,0
2021,59,4520,4610,0
2021,60,4611,4727,0
2021,61,4731,5003,0
2021,62,4178,4315,0
2021,63,4538,4632,0
2021,64,3396,3638,0
2021,66,745,954,0
2021,67,1138,1234,0
2021,68,1236,1390,0
2021,69,1392,1591,0
2021,70,1631,1686,0
2021,71,1688,1793,0
2021,72,1795,2012,0
2021,73,2014,2103,0
2021,74,2252,2378,0
2021,75,2777,2799,0
2021,75,2800,2909,0
2021,76,3269,3477,0
2021,77,3479,3498,0
2021,77,3499,3568,0
2021,77,3569,3646,0
2021,78,3755,3841,0
2021,79,3876,4011,0
2021,80,4012,4141,0
2021,81,4143,4377,0
2021,82,4439,4662,0
2021,83,4664,4874,0
2021,84,4875,4992,0
2021,85,4994,5258,0
2021,86,5259,5412,0
2021,87,5413,5610,0
2021,88,5612,6112,0
2021,89,6114,6364,0
2021,90,6365,6895,0
2021,91,7039,7238,12
2021,92,7418,7583,0
2021,93,8011,8110,0
2021,94,10216,10444,0
2021,95,10446,10548,0
2021,96,10894,11137,0
2021,97,11139,11314,0
2021,97,11315,11385,0
2021,98,11584,11797,0
2021,99,12980,13256,0
2021,100,13258,13464,0
2021,101,13465,13677,0
2021,102,13769,13886,0
2005,1,757,888,0
2005,2,890,940,0
2005,3,941,977,0
2005,4,979,1160,0
2005,5,1161,1228,0
2005,6,1229,1267,0
2005,7,1268,1452,0
2005,8,1453,1746,3
2005,9,1748,1851,0
2005,10,1852,1971,0
2005,11,1974,2095,0
2005,12,2096,2180,0
2005,13,2181,2292,0
2005,14,2293,2389,0
2005,15,2390,2450,0
2005,16,2451,2541,0
2005,17,2542,2600,0
2005,18,2601,2698,0
2005,19,2699,2820,0
2005,20,2821,2966,0
2005,21,2969,3042,0
2005,22,3043,3119,0
2005,23,3120,3203,0
2005,24,3204,3349,0
2005,25,3350,3419,0
2005,26,3420,3475,0
2005,27,3476,3712,0
2005,28,-1,-1,-1
2005,29,3713,3835,0
2005,30,3836,3936,0
2005,31,3937,3989,0
2005,32,3990,4067,0
2005,33,4068,4121,0
2005,34,4123,4191,0
2005,35,4192,4268,0
2005,36,3285,3454,0
2005,37,3456,3588,0
2005,38,3590,3720,0
2005,39,3722,3848,0
2005,39,3849,3959,0
2005,40,6559,6662,0
2005,41,4043,4200,0
2005,42,4202,4358,0
2005,43,4359,4488,0
2005,44,4490,4623,0
2005,45,4624,4684,0
2005,46,4685,4739,0
2005,47,4741,4833,0
2005,47,4834,4946,0
2005,48,4948,5040,0
2005,48,5041,5196,0
2005,49,5220,5508,0
2005,50,-1,-1,-1
2005,51,5772,5905,1
2005,52,5906,6086,0
2005,53,6147,6279,0
2005,54,6281,6468,0
2005,55,754,798,0
2005,56,799,923,0
2005,57,924,1027,0
2005,58,1035,1171,0
2005,59,1172,1212,0
2005,60,1214,1338,0
2005,61,1355,1425,0
2005,61,1426,1512,0
2005,62,1513,1639,0
2005,62,1640,1732,0
2005,63,1819,1875,0
2005,64,1876,2040,0
2005,65,2041,2117,0
2005,66,2118,2246,0
2005,67,2341,2413,0
2005,68,2414,2476,0
2005,69,2477,2567,0
2005,70,2568,2704,0
2005,71,2768,2849,0
2005,72,2850,2877,0
2005,73,2878,3014,0
2005,74,-1,-1,-1
2005,75,3096,3183,0
2005,75,3184,3274,0
2005,76,3275,3362,0
2005,76,3363,3481,0
2005,77,3748,3806,0
2005,77,3807,3925,0
2005,78,3926,4028,0
2005,79,4785,4864,0
2005,80,4865,4970,0
2005,81,4971,5082,0
2005,82,5083,5165,0
2005,83,5166,5279,0
2005,84,5421,5518,0
2005,85,5519,5647,0
2005,86,6499,6583,0
2005,87,6584,6667,0
2005,88,6668,6822,0
2005,89,7890,7991,0
2005,89,7992,8208,0
2005,94,13492,13572,0
2005,94,13573,13646,0
2005,95,13647,13803,0
2005,96,12323,12412,0
2005,96,12413,12478,0
2005,97,12528,12681,0
2005,98,12682,12744,0
2005,99,847,932,0
2005,100,934,1055,0
2005,101,-1,-1,-1
2005,102,1215,1353,0
2005,103,1354,1465,0
2005,104,-1,-1,-1
2025,1,1857,2087,0
2025,2,2390,2556,0
2025,3,2558,2646,0
2025,4,2648,2797,0
2025,5,3137,3266,0
2025,6,3267,3369,0
2025,7,3410,3538,0
2025,9,5841,6119,0
2025,10,6294,6452,0
2025,11,6497,6786,0
2025,12,7009,7206,0
2025,13,7386,7571,0
2025,14,8059,8293,0
2025,15,8299,8467,0
2025,16,4201,4325,0
2025,17,4418,4777,0
2025,18,4778,5087,0
2025,19,6887,6966,0
2025,20,7015,7068,0
2025,20,7069,7184,0
2025,21,7185,7258,0
2025,21,7259,7415,0
2025,22,7894,8036,0
2025,23,8038,8191,0
2025,24,8192,8300,0
2025,25,970,1090,0
2025,26,1091,1251,0
2025,27,1252,1324,0
2025,28,1325,1632,0
2025,29,1660,1849,0
2025,30,1850,2005,0
2025,31,2006,2127,0
2025,32,2128,2309,0
2025,33,2310,2440,0
2025,34,587,720,0
2025,35,721,859,0
2025,36,861,1058,0
2025,37,1059,1151,0
2025,38,1153,1295,0
2025,39,1296,1523,0
2025,40,1697,1894,0
2025,41,1896,1998,0
2025,42,1999,2096,0
2025,44,2158,2178,0
2025,44,2179,2203,0
2025,45,4754,4895,0
2025,46,2618,2667,0
2025,47,2668,2743,0
2025,48,2744,2809,0
2025,48,2810,2939,0
2025,49,2940,3048,0
2025,50,3049,3110,0
2025,52,10079,10170,0
2025,53,10228,10268,0
2025,54,10269,10359,0
2025,54,10360,10465,0
2025,55,10467,10595,0
2025,56,10596,10690,0
2025,57,10692,10734,0
2025,58,10735,10790,0
2025,59,10791,10909,0
2025,60,10910,11035,0
2025,61,3269,3333,0
2025,61,3334,3403,0
2025,62,3474,3655,0
2025,63,3909,4083,0
2025,64,4084,4173,0
2025,65,4174,4320,0
2025,66,4647,4782,0
2025,67,4784,4958,0
2025,68,5697,5800,0
2025,69,6033,6097,0
2025,70,6098,6228,0
2025,71,6426,6536,0
2025,72,6537,6745,0
2025,74,5445,5510,0
2025,75,5511,5640,0
2025,76,5641,5809,0
2025,77,5811,5940,0
2025,78,-1,-1,-1
2025,78,6035,6246,0
2025,79,6247,6362,0
2025,80,6364,6510,0
2025,81,6512,6563,0
2025,82,6564,6668,0
2025,83,6669,6760,0
2025,84,6761,6866,0
2025,84,6867,6910,0
2025,85,6912,7102,0
2025,86,7104,7260,0
2025,87,7262,7343,0
2025,87,7346,7476,0
2025,88,7477,7630,0
2025,89,8860,8946,0
2025,90,8947,9040,0
2025,91,9041,9157,0
2025,92,9266,9367,0
2025,93,7186,7269,0
2025,94,7270,7347,0
2025,95,7348,7425,0
2025,96,7427,7569,0
2025,98,9369,9557,0
2025,99,9561,9616,0
2025,99,9617,9688,0
2001,1,1172,1345,0
2001,2,1346,1455,3
2001,3,1456,1529,0
2001,3,1530,1603,0
2001,4,1936,2060,0
2001,4,2061,2110,0
2001,5,2112,2314,29
2001,6,2315,2453,17
2001,7,2454,2574,1
2001,8,2987,3215,19
2001,9,3366,3543,0
2001,10,3544,3630,0
2001,11,3685,3777,18
2001,12,3778,3934,0
2001,13,3935,4142,37
2001,14,4144,4268,0
2001,15,4298,4373,0
2001,16,4374,4450,0
2001,17,4464,4600,0
2001,18,4602,4662,0
2001,19,4677,4767,0
2001,20,4869,4938,0
2001,22,12135,12228,19
2001,23,12229,12336,0
2001,24,12337,12430,0
2001,24,12431,12524,0
2001,24,12525,12580,0
2001,25,12581,12648,0
2001,26,12649,12716,0
2001,27,12718,12941,0
2001,27,12942,13017,0
2001,28,13018,13079,0
2001,29,13013,13148,80
2001,30,13149,13191,0
2001,31,13192,13283,0
2001,33,835,975,0
2001,33,976,1030,0
2001,34,1032,1159,45
2001,35,1161,1273,0
2001,36,1275,1367,0
2001,36,1369,1425,0
2001,38,1232,1327,22
2001,39,1328,1486,0
2001,40,1487,1560,0
2001,41,1561,1717,0
2001,42,1718,1821,0
2001,43,1822,1975,0
2001,44,1977,2135,0
2001,45,2136,2247,0
2001,46,2248,2404,0
2001,47,2405,2522,0
2001,48,2523,2636,11
2001,49,2637,2787,23
2001,51,744,1014,0
2001,51,1015,1075,0
2001,52,1079,1180,0
2001,53,1181,1239,0
2001,53,1240,1284,0
2001,54,1285,1355,0
2001,55,1356,1605,0
2001,56,1607,1727,0
2001,57,1728,1986,0
2001,58,1992,2152,0
2001,59,2153,2276,0
2001,60,2277,2406,0
2001,61,2407,2612,64
2001,62,2621,2815,0
2001,63,2816,2944,0
2001,64,2945,3060,0
2001,65,3061,3199,0
2001,66,3200,3506,0
2001,67,3516,3830,0
2001,69,844,898,0
2001,69,899,925,0
2001,70,926,1040,0
2001,71,1041,1115,0
2001,72,1120,1228,0
2001,73,1229,1310,0
2001,76,1430,1692,0
2001,77,1697,1903,0
2001,78,1908,1975,12
2001,79,2001,2058,0
2001,80,2059,2106,0
2001,80,2107,2161,0
2001,81,2162,2285,7
2001,82,2290,2442,0
2001,83,2443,2471,0
2001,83,2472,2525,0
2016,1,-1,-1,-1
2016,2,-1,-1,-1
2016,3,-1,-1,-1
2016,4,-1,-1,-1
2016,5,-1,-1,-1
2016,6,-1,-1,-1
2016,7,-1,-1,-1
2016,8,-1,-1,-1
2016,8,-1,-1,-1
2016,9,-1,-1,-1
2016,10,-1,-1,-1
2016,10,-1,-1,-1
2016,11,-1,-1,-1
2016,12,-1,-1,-1
2016,13,-1,-1,-1
2016,14,-1,-1,-1
2016,15,-1,-1,-1
2016,16,-1,-1,-1
2016,17,-1,-1,-1
2016,18,-1,-1,-1
2016,18,-1,-1,-1
2016,19,-1,-1,-1
2016,20,-1,-1,-1
2016,21,-1,-1,-1
2016,22,-1,-1,-1
2016,23,-1,-1,-1
2016,24,-1,-1,-1
2016,25,1269,1389,91
2016,25,-1,-1,-1
2016,26,-1,-1,-1
2016,26,-1,-1,-1
2016,27,-1,-1,-1
2016,28,-1,-1,-1
2016,29,-1,-1,-1
2016,30,-1,-1,-1
2016,31,-1,-1,-1
2016,32,-1,-1,-1
2016,33,-1,-1,-1
2016,33,-1,-1,-1
2016,34,-1,-1,-1
2016,35,-1,-1,-1
2016,36,-1,-1,-1
2016,37,-1,-1,-1
2016,38,-1,-1,-1
2016,39,-1,-1,-1
2016,40,-1,-1,-1
2016,41,-1,-1,-1
2016,42,-1,-1,-1
2016,43,-1,-1,-1
2016,44,-1,-1,-1
2016,45,-1,-1,-1
2016,46,-1,-1,-1
2016,47,13821,13951,99
2016,47,-1,-1,-1
2016,48,-1,-1,-1
2016,49,-1,-1,-1
2016,49,-1,-1,-1
2016,50,-1,-1,-1
2016,51,-1,-1,-1
2016,52,-1,-1,-1
2016,53,-1,-1,-1
2016,54,-1,-1,-1
2016,55,-1,-1,-1
2016,56,-1,-1,-1
2016,57,-1,-1,-1
2016,57,-1,-1,-1
2016,58,16927,16997,11
2016,59,-1,-1,-1
2016,60,-1,-1,-1
2016,61,-1,-1,-1
2016,62,-1,-1,-1
2016,63,-1,-1,-1
2016,64,-1,-1,-1
2016,65,-1,-1,-1
2016,66,-1,-1,-1
2016,67,-1,-1,-1
2016,67,-1,-1,-1
2016,68,-1,-1,-1
2016,69,-1,-1,-1
2016,69,-1,-1,-1
2016,70,-1,-1,-1
2016,71,-1,-1,-1
2016,72,-1,-1,-1
2016,73,-1,-1,-1
2016,74,3793,3947,126
2016,74,-1,-1,-1
2016,75,-1,-1,-1
2016,76,-1,-1,-1
2016,76,-1,-1,-1
2016,77,-1,-1,-1
2016,78,-1,-1,-1
2016,78,4922,5128,155
2016,79,-1,-1,-1
2016,80,-1,-1,-1
2016,81,-1,-1,-1
2016,82,-1,-1,-1
2016,83,-1,-1,-1
2016,84,-1,-1,-1
2016,85,-1,-1,-1
2016,86,-1,-1,-1
2016,87,-1,-1,-1
2016,88,-1,-1,-1
2016,89,-1,-1,-1
2016,89,4929,5080,117
2016,90,-1,-1,-1
2016,91,-1,-1,-1
2016,92,-1,-1,-1
2016,93,-1,-1,-1
2016,94,-1,-1,-1
2016,95,-1,-1,-1
2016,96,-1,-1,-1
2016,97,-1,-1,-1
2016,98,-1,-1,-1
2016,99,-1,-1,-1
2016,100,-1,-1,-1
2044,1,842,953,0
2044,2,1056,1188,0
2044,3,1189,1291,0
2044,4,1292,1416,0
2044,5,1417,1488,0
2044,6,-1,-1,-1
2044,7,8345,8514,0
2044,8,8707,8787,0
2044,8,8788,8855,0
2044,9,8856,8937,0
2044,10,9041,9213,0
2044,11,9629,9830,0
2044,12,9831,10014,0
2044,13,10469,10897,0
2044,16,329,425,0
2044,17,1203,1375,0
2044,18,426,506,0
2044,18,507,582,0
2044,19,3246,3374,0
2044,20,3375,3428,0
2044,20,3429,3513,0
2044,20,3514,3591,0
2044,20,3594,3652,0
2044,20,3653,3793,0
2044,21,3967,4060,0
2044,22,4063,4237,0
2044,22,4238,4302,0
2044,23,4303,4399,0
2044,24,4400,4654,0
2044,24,4655,4845,0
2044,26,9309,9435,0
2044,26,9436,9507,0
2044,27,9789,10031,0
2044,28,10987,11108,0
2044,28,11109,11264,0
2044,28,11265,11328,0
2044,29,3043,3118,0
2044,30,2728,2881,0
2044,31,2882,3013,0
2044,32,3193,3312,0
2044,33,3313,3441,0
2044,33,3442,3567,0
2044,34,3695,3733,0
2044,34,3735,3864,0
2044,34,3865,3937,0
2044,35,3865,3937,0
2044,37,4961,5054,0
2044,39,5146,5223,0
2044,39,5284,5389,0
2044,39,5503,5638,0
2044,40,5643,5728,0
2044,40,5729,5846,0
2044,41,5924,6003,0
2044,42,6008,6104,0
2044,43,128,235,0
2044,44,236,333,0
2044,45,334,395,0
2044,46,542,700,0
2044,47,809,856,0
2044,47,857,908,0
2044,48,909,1014,0
2044,49,1072,1170,0
2044,50,1171,1295,0
2044,51,1300,1406,0
2044,52,1407,1510,0
2044,53,1511,1551,0
2044,53,1552,1637,0
2044,54,1639,1746,0
2044,55,1747,1858,0
2044,56,1964,2068,0
2044,57,2073,2141,0
2044,58,3616,3773,0
2044,59,5033,5146,0
2044,61,988,1084,0
2044,61,1085,1146,0
2044,62,1147,1295,0
2044,63,1296,1447,0
2044,64,1448,1577,0
2044,64,1578,1730,0
2044,65,5494,5725,0
2044,66,5781,5822,0
2044,66,5823,5912,0
2044,67,6151,6266,0
2044,68,6267,6433,0
2044,69,6434,6607,0
2044,70,6608,6678,0
2044,70,6679,6745,0
2044,71,294,367,0
2044,72,827,869,0
2044,72,870,1045,0
2044,73,1092,1176,0
2044,74,1446,1663,0
2044,75,2198,2286,0
2044,76,2287,2393,0
2044,77,2570,2788,0
2044,78,2791,2872,0
2044,78,2873,3186,121
2044,79,3066,3186,0
2044,80,3190,3245,0
2044,80,3246,3337,0
2044,81,3338,3455,0
2044,82,3459,3618,0
2044,83,3619,3687,0
2044,84,3691,3792,0
2044,85,415,524,0
2044,86,525,627,0
2044,87,628,729,0
2044,87,730,773,0
2044,88,979,1043,0
2044,89,1044,1084,0
2044,89,1086,1158,0
2044,90,1312,1357,0
2044,90,1358,1461,0
2044,91,1589,1656,0
2044,92,1716,1794,0
2044,93,1795,1870,0
2044,94,2284,2340,0
2044,94,2341,2436,0
2044,95,2437,2490,0
2044,95,2491,2550,0
2044,96,2552,2617,0
2044,96,2618,2678,0
2044,96,2679,2735,0
2044,97,2794,2844,0
2044,97,2845,2879,0
2044,98,3074,3190,0
2044,99,10612,10717,0
2044,100,10718,10853,0
