126,1,6199,6399,0
126,3,1320,1421,0
126,4,1422,1568,0
126,5,1569,1691,0
126,6,1693,1888,0
126,7,1890,1999,0
126,8,2000,2250,0
126,9,2251,2319,0
126,10,2320,2401,0
126,11,2402,2515,0
126,12,2517,2686,0
126,13,2687,2747,0
126,14,2748,2851,0
126,15,2852,2924,0
126,16,2925,3014,0
126,17,3015,3156,0
126,18,3157,3315,0
126,19,3316,3412,0
126,20,3413,3477,0
126,21,3478,3605,0
126,22,3606,3686,0
126,23,3688,3930,0
126,24,3931,4011,0
126,25,6401,6569,0
126,26,6570,6628,0
126,27,982,1151,10
126,29,283,451,6
126,30,704,1002,3
126,32,9097,9190,1
126,33,9257,9449,3
126,34,9450,9516,0
126,35,-1,-1,-1
126,36,9706,9799,2
126,38,-1,-1,-1
126,39,790,925,3
126,40,926,1219,4
126,42,6630,6793,0
126,43,6794,6926,0
126,44,6928,7073,0
126,45,7074,7100,0
126,46,7101,7196,0
126,47,7198,7260,0
126,48,7261,7316,0
126,49,7317,7525,0
126,50,7588,7681,0
126,51,7757,7800,0
126,52,7801,7882,0
126,53,7883,7924,0
126,54,8070,8115,10
126,55,8106,8272,0
126,56,8273,8493,0
126,57,8494,8857,0
126,58,8858,9158,0
126,59,9159,9387,0
126,60,9388,9435,0
126,61,9486,9724,0
126,62,9725,9917,0
126,63,9918,10131,0
126,64,10132,10282,0
126,65,10283,10516,0
126,66,10517,10745,0
126,67,10751,10918,0
126,68,10919,11104,1
126,69,11105,11265,0
126,70,11270,11633,0
126,71,11634,11793,0
126,73,12243,12342,0
126,74,12343,12500,0
126,75,12501,12663,1
126,77,12673,12747,0
126,78,12748,12969,0
126,79,12970,13160,0
126,80,13161,13350,0
126,81,13351,13497,0
126,83,13502,13841,0
126,84,13842,13998,0
126,85,13999,14302,0
126,86,14307,14511,0
126,87,14512,14690,0
126,90,14825,14910,0
126,91,14911,15224,1
126,92,15225,15505,1
126,93,15506,15659,0
126,94,15660,15792,0
126,95,15942,16046,0
126,96,16047,16188,0
126,97,16189,16332,0
126,98,16333,16439,0
126,99,16584,16885,0
126,100,16886,17088,0
126,101,17089,17168,0
126,104,17609,17840,0
126,105,17841,17962,0
126,106,17963,18089,0
126,107,18099,18258,0
126,108,18259,18429,0
126,115,18707,18870,0
126,116,18874,18967,1
126,117,18968,19040,0
126,118,19041,19149,0
126,119,19150,19234,0
126,120,19236,19500,0
126,121,19502,19585,0
126,127,20747,20828,0
126,128,20829,20984,0
126,129,20986,21049,0
126,132,21235,21452,0
126,133,21314,21618,155
126,134,21641,21695,0
126,135,21696,21817,0
126,137,21819,21887,0
126,138,21888,22003,0
126,139,22004,22161,0
126,144,22163,22208,0
126,148,22760,22878,0
126,149,-1,-1,-1
126,150,-1,-1,-1
126,151,15806,16008,100
126,152,16009,16144,61
126,153,-1,-1,-1
126,154,34812,35021,24
126,155,35023,35079,1
126,156,35311,35440,4
126,157,35695,35892,4
110,3,2054,2256,1
110,4,2257,2446,0
110,5,2447,2660,0
110,6,2396,2520,2
110,7,2521,2645,0
110,8,3044,3150,4
110,9,2662,2781,0
110,10,2782,2991,0
110,11,2992,3089,0
110,12,7145,7305,0
110,13,280,358,0
110,14,359,586,0
110,15,587,786,0
110,16,788,1067,1
110,17,1068,1205,0
110,18,1206,1385,0
110,19,1386,1512,0
110,22,1514,1634,2
110,23,1635,1761,0
110,24,1762,1889,3
110,25,1890,1961,0
110,26,1964,2113,0
110,27,2115,2174,0
110,28,2175,2232,0
110,29,2235,2362,0
110,30,2364,2475,0
110,31,2476,2630,0
110,32,2631,2686,0
110,33,2688,2823,0
110,34,2825,3102,0
110,35,3103,3229,0
110,36,3230,3451,0
110,37,3453,3673,4
110,38,3676,3818,0
110,39,3819,3901,0
110,40,4129,4262,1
110,41,4263,4299,1
110,42,4772,4918,0
110,43,4919,4998,0
110,44,4999,5199,1
110,45,5200,5296,0
110,46,5297,5449,0
110,47,540,757,4
110,48,3311,3465,4
110,49,759,937,2
110,50,938,1066,0
110,51,1067,1279,0
110,52,1280,1429,2
110,53,3705,3903,4
110,55,4099,4284,4
110,57,4285,4451,4
110,58,4452,4530,2
110,62,4589,4688,2
110,63,4689,4866,4
110,66,5437,5502,0
110,67,5503,5647,4
110,69,5717,5796,0
110,71,5799,5899,2
110,72,5954,6038,2
110,73,6039,6235,4
110,75,6280,6470,4
110,76,6471,6563,2
110,79,6616,6739,2
110,80,6740,6848,2
110,81,7010,7176,4
110,82,7177,7372,6
110,86,7428,7533,2
110,87,7534,7622,2
110,88,7623,7756,4
110,89,2378,2582,0
110,90,6810,6941,0
110,91,7264,7380,0
110,92,33,140,0
110,93,141,339,0
110,94,342,446,0
110,95,447,571,0
110,96,572,696,4
110,97,695,903,2
110,98,906,1114,1
110,99,1115,1311,3
110,100,1312,1450,2
110,101,1451,1627,0
110,102,1628,1706,0
110,103,1707,1866,0
110,104,1867,1953,2
110,105,3492,3651,1
110,106,3652,3827,3
110,107,3828,3903,1
110,108,3904,4154,0
110,109,1114,1228,3
110,110,1114,1468,118
110,111,1469,1769,0
110,112,4156,4299,0
110,113,13229,13308,0
110,114,-1,-1,-1
110,115,21348,21557,3
110,116,21558,21667,2
110,117,22140,22253,0
110,118,22488,22625,1
110,119,22626,22714,0
110,120,24447,24579,0
110,121,24580,24726,0
110,122,25179,25309,0
110,123,25310,25453,0
110,124,25819,25944,0
110,125,25946,26017,0
110,126,52398,52466,0
110,127,52467,52554,0
110,128,52555,52735,0
110,129,52999,53120,0
110,130,53121,53312,2
110,131,53313,53444,0
110,132,53445,53635,0
110,133,53636,53789,0
110,134,53790,53982,0
110,135,53983,54251,2
110,136,54903,55042,0
042,1,7894,8046,3
042,2,8251,8344,3
042,3,-1,-1,-1
042,4,1578,1738,0
042,5,1578,1738,0
042,6,1739,1820,0
042,7,-1,-1,-1
042,9,9351,9456,2
042,11,9567,9674,2
042,12,9675,9786,1
042,13,9787,9854,1
042,14,9855,9918,0
042,15,9762,10069,159
042,16,9762,10069,159
042,17,-1,-1,-1
042,18,10180,10311,4
042,19,10169,10478,147
042,20,11664,11830,0
042,21,11831,12012,0
042,22,12013,12128,0
042,23,12129,12271,0
042,24,12273,12425,2
042,25,12426,12662,2
042,26,12663,12823,0
042,27,12824,13016,0
042,28,13017,13123,0
042,29,13124,13299,0
042,30,13300,13443,0
042,31,13444,13552,0
042,32,13553,13616,0
042,33,14024,14268,0
042,34,7279,7484,0
042,35,13020,13126,1
042,36,-1,-1,-1
042,37,13368,13488,3
042,38,-1,-1,-1
042,40,7486,7747,45
042,41,7748,7881,2
042,42,7882,8060,1
042,43,13940,14150,2
042,44,14151,14373,4
042,46,6179,6433,0
042,47,6434,6596,0
042,49,6659,6942,0
042,50,6943,7107,0
042,51,7108,7165,0
042,52,7167,7278,0
042,54,15299,15358,0
042,55,15359,15528,0
042,56,15531,15696,0
042,57,15697,15814,1
042,58,15815,16052,0
042,59,16053,16174,0
042,60,16175,16275,0
042,62,4731,4788,0
042,63,4789,4873,0
042,64,4874,5019,0
042,65,5020,5099,0
042,66,5100,5239,0
042,67,5240,5375,0
042,68,17640,17786,0
042,69,17787,17952,0
042,70,17955,18099,0
042,72,18218,18340,0
042,73,18341,18496,0
042,74,18497,18667,0
042,75,18497,18667,0
042,76,18668,18802,0
042,77,18805,18902,0
042,78,18905,19007,0
042,79,19010,19199,1
042,80,19200,19345,0
042,81,19346,19393,0
042,82,19396,19557,0
042,83,19558,19726,0
042,84,19727,19784,0
042,85,19785,19850,0
042,86,19851,19955,0
042,87,19956,20040,0
042,88,20041,20154,0
042,89,20157,20319,0
042,90,6779,6868,2
042,91,6869,6977,0
042,92,6978,7091,0
042,93,7183,7259,0
042,94,7260,7342,0
042,95,7343,7486,0
042,96,7487,7558,0
042,97,7559,7711,3
042,98,7712,7824,0
042,100,7825,7918,0
042,101,7920,8067,0
042,102,8068,8251,1
042,103,8252,8391,0
042,104,8392,8560,2
042,105,8562,8753,2
042,106,-1,-1,-1
042,107,15110,15217,2
042,109,15375,15438,2
042,110,15439,15509,0
042,112,-1,-1,-1
042,113,15842,16168,160
042,114,-1,-1,-1
042,115,16472,16701,4
042,116,16590,16701,2
042,121,28632,28766,0
042,122,29117,29211,0
042,123,29212,29420,1
042,124,29212,29420,1
042,125,29421,29559,0
042,126,29561,29694,0
042,127,29695,29840,0
042,128,29841,29955,0
042,129,29956,30078,0
042,130,30079,30258,0
042,131,30260,30542,3
042,132,30544,30716,0
042,133,30717,30810,0
042,134,30812,30932,0
042,135,30933,31041,0
042,136,31042,31257,0
042,137,31258,31407,0
042,138,31408,31519,0
042,139,31520,31667,0
042,141,31782,32074,0
042,142,32076,32199,0
042,143,32200,32336,0
042,144,32338,32487,0
042,145,32488,32601,0
042,146,32602,32689,0
042,147,32690,32851,0
042,148,32853,33152,0
042,149,33153,33354,0
042,150,33355,33574,1
042,151,33576,33668,0
042,153,33669,33776,0
105,2,566,634,11
105,3,865,996,22
105,4,997,1116,11
105,5,1117,1201,11
105,7,1202,1349,22
105,8,1373,1464,11
105,9,1935,1982,0
105,12,1983,2026,11
105,16,2027,2152,11
105,17,2153,2236,11
105,18,2237,2353,22
105,19,2543,2606,11
105,20,2794,2926,0
105,21,2607,2683,11
105,22,2684,2773,11
105,23,2774,2876,11
105,24,2877,2924,11
105,26,9157,9199,0
105,27,9200,9255,0
105,32,3101,3140,0
105,33,3141,3282,22
105,34,3283,3415,11
105,35,3427,3520,11
105,36,4373,4498,11
105,37,4499,4595,11
105,38,5750,5870,11
105,39,4501,4581,0
105,40,4587,4667,0
105,41,4668,4771,0
105,42,5871,5968,11
105,43,5969,6049,11
105,44,6050,6185,22
105,45,6209,6318,11
105,46,4777,4865,0
105,47,5127,5218,0
105,48,5219,5263,0
105,49,5264,5371,0
105,50,5372,5479,0
105,51,5480,5602,0
105,52,6537,6671,11
105,53,17875,17978,4
105,54,17979,18041,2
105,55,18042,18082,0
105,56,18085,18181,2
105,57,18182,18237,2
105,58,18533,18619,2
105,60,846,961,2
105,61,2243,2288,3
105,62,962,1079,4
105,63,2289,2411,0
105,64,2412,2552,2
105,65,-1,-1,-1
105,66,2645,2821,3
105,67,2822,2920,0
105,68,2951,3057,0
105,69,2527,2614,0
105,70,2745,2814,0
105,71,2815,2889,0
105,72,3344,3431,1
105,73,1597,1728,0
105,74,3432,3526,3
105,75,3528,3673,3
105,76,3156,3229,0
105,77,3292,3393,0
105,78,3394,3432,0
105,79,3433,3530,0
105,80,3536,3575,0
105,82,3968,4041,0
105,83,4042,4146,0
105,84,4147,4213,0
105,85,4214,4312,0
105,86,4313,4404,0
105,87,3816,3958,2
105,88,3959,4040,0
105,89,3269,3354,0
105,90,3355,3513,0
105,91,3514,3594,1
105,100,1854,1939,0
105,101,-1,-1,-1
105,102,4640,4732,4
105,103,3770,3852,0
105,104,3853,3941,0
105,105,3596,3736,0
105,106,4188,4311,0
105,107,6792,6929,3
105,108,3175,3267,0
105,109,6930,7053,0
105,110,2789,2950,0
105,111,7374,7479,1
105,112,8402,8459,2
105,113,4313,4400,0
105,114,2441,2522,0
105,115,2523,2662,0
105,116,4402,4430,0
105,117,2711,2768,0
105,118,993,1120,0
105,119,5608,5757,0
105,120,8000,8151,0
105,121,8437,8604,0
105,122,8605,8702,0
105,123,7648,7783,0
105,124,7447,7642,0
105,125,7291,7446,0
105,126,7245,7290,0
105,127,6657,6712,0
105,128,1449,1568,0
105,129,1569,1729,0
105,130,1735,1871,0
105,131,1872,2001,0
105,132,2002,2113,0
105,133,2119,2192,0
105,134,2193,2354,0
111,2,326,367,0
111,3,368,448,1
111,4,2382,2703,0
111,5,2704,2823,0
111,6,2896,3143,3
111,7,3144,3348,1
111,8,3349,3412,1
111,9,3414,3569,0
111,10,-1,-1,-1
111,11,4175,4309,2
111,12,4311,4433,0
111,13,1120,1269,2
111,14,1270,1420,0
111,15,1421,1599,0
111,16,1600,1749,0
111,17,1751,1903,0
111,18,1905,2067,2
111,19,2068,2263,0
111,20,2265,2458,0
111,21,2460,2526,0
111,22,2527,2685,0
111,23,2687,2803,0
111,24,2805,3037,0
111,25,3039,3220,0
111,26,3222,3471,0
111,27,3472,3690,0
111,28,3692,3889,0
111,29,3891,4165,0
111,30,4167,4274,0
111,31,4275,4436,0
111,32,4438,4535,0
111,33,4536,4770,0
111,39,4771,4915,0
111,40,4917,5049,0
111,41,5050,5212,0
111,42,5213,5402,0
111,43,5404,5546,2
111,44,5547,5680,0
111,45,5682,5892,0
111,46,5893,6066,0
111,47,6067,6310,0
111,48,6312,6577,0
111,49,6578,6646,0
111,50,6647,6730,0
111,51,6731,6883,0
111,52,6884,7007,0
111,53,7009,7128,0
111,54,7129,7219,0
111,55,7220,7304,0
111,56,7305,7440,0
111,57,7441,7640,0
111,58,7641,7857,0
111,59,7859,8030,0
111,60,8256,8325,0
111,61,8327,8434,0
111,62,8435,8701,0
111,63,8703,8937,0
111,64,8938,9058,0
111,65,9059,9170,0
111,66,9172,9313,0
111,67,9314,9482,0
111,68,9483,9597,0
111,79,2607,2749,0
111,80,2750,2800,0
111,81,2801,2966,0
111,82,2969,3046,0
111,85,3282,3360,0
111,86,3361,3476,0
111,87,3477,3572,0
111,88,3575,3686,0
111,89,3687,3848,0
111,90,3849,3947,0
111,91,3948,4052,0
111,92,4053,4180,0
111,93,4181,4338,0
111,94,4339,4509,0
111,95,449,571,1
111,97,572,680,1
111,98,681,773,0
111,99,774,866,1
111,100,871,1011,2
111,101,1012,1092,1
111,102,1093,1136,1
111,107,1137,1218,0
111,108,1223,1340,2
111,113,1341,1388,0
111,114,1389,1527,2
111,115,1532,1645,1
111,116,1650,1749,0
111,117,2166,2302,2
111,118,2234,2430,73
111,119,2432,2485,0
111,120,2486,2589,0
111,121,2820,2954,0
111,122,2956,3127,2
111,123,3129,3190,0
111,124,3191,3334,0
111,125,3379,3582,0
111,126,3584,3738,0
111,127,3740,3790,0
111,128,3791,3867,0
111,129,3872,4005,1
111,130,4006,4131,0
111,131,213,365,0
111,132,366,461,0
111,133,462,710,0
111,134,712,974,0
111,135,1124,1236,0
111,136,1237,1307,0
111,139,18243,18337,0
111,140,18338,18427,0
111,141,18428,18511,0
111,142,18512,18593,0
111,143,18595,18716,0
111,144,18717,18837,0
111,145,18838,19006,0
111,146,17533,17699,0
111,147,17895,18017,0
008,3,-1,-1,-1
008,4,809,931,2
008,5,809,931,2
008,7,630,833,0
008,8,834,976,0
008,9,496,769,0
008,10,771,808,1
008,11,809,989,0
008,12,990,1216,1
008,13,1217,1300,0
008,14,1301,1440,0
008,15,1441,1526,0
008,16,-1,-1,-1
008,17,1528,1614,0
008,18,1615,1725,1
008,19,1726,2088,0
008,20,2090,2157,0
008,21,2158,2253,0
008,22,2254,2420,0
008,23,3126,3290,0
008,24,3126,3290,0
008,25,4033,4171,0
008,26,4172,4275,2
008,27,4276,4468,0
008,28,4469,4785,2
008,29,4469,4785,2
008,30,5013,5222,0
008,31,5224,5382,0
008,33,5385,5527,1
008,34,5530,5618,0
008,35,5619,5931,0
008,36,5934,6008,0
008,37,6011,6178,0
008,38,6180,6386,0
008,39,6387,6552,0
008,41,6555,6653,0
008,42,6656,6754,0
008,43,6756,6826,0
008,44,11255,11467,0
008,45,11468,11528,0
008,46,11529,11624,0
008,47,2034,2125,0
008,49,1320,1680,2
008,50,1320,1680,2
008,51,1810,1979,1
008,52,1980,2057,0
008,53,2181,2292,0
008,54,-1,-1,-1
008,55,-1,-1,-1
008,56,-1,-1,-1
008,57,1213,1335,2
008,58,1336,1396,1
008,59,1397,1505,1
008,60,1538,1624,1
008,61,1625,1793,3
008,63,2568,2609,1
008,64,2610,2758,2
008,65,-1,-1,-1
008,66,2869,3066,3
008,67,2869,3066,3
008,68,3067,3130,1
008,69,3131,3298,2
008,70,3321,3397,1
008,71,3398,3599,3
008,72,3398,3599,3
008,73,3600,3700,1
008,74,3701,3891,3
008,75,3892,4077,2
008,76,4078,4168,1
008,80,314,452,1
008,81,454,530,1
008,82,531,705,0
008,83,706,986,0
008,84,987,1207,0
008,85,1209,1332,0
008,86,1333,1547,1
008,87,1548,1700,0
008,88,1701,1827,2
008,89,1829,2103,0
008,90,2104,2179,0
008,91,2180,2422,0
008,92,2521,2710,1
008,93,2712,2874,1
008,94,2876,2977,0
008,95,2978,3176,0
008,96,3178,3251,0
008,97,3252,3354,0
008,98,3355,3518,1
008,99,3520,3685,0
008,100,3741,3979,0
008,101,3980,4066,0
008,102,4067,4296,0
008,103,4297,4368,0
008,104,4369,4506,0
008,105,4508,4661,0
008,106,6511,6642,1
008,110,551,709,0
008,107,551,709,0
008,108,710,856,0
008,109,857,954,0
008,110,955,992,0
008,111,994,1022,0
008,112,1023,1082,0
008,113,1083,1161,0
008,114,1162,1235,0
008,115,1721,1780,0
008,116,1781,1878,0
008,117,1879,1941,0
008,118,1942,2062,0
008,119,2063,2140,0
008,120,2141,2187,0
008,121,212,240,3
008,122,242,393,4
008,123,394,536,4
008,124,537,713,4
008,125,714,752,0
008,126,753,841,2
008,127,842,955,4
008,132,-1,-1,-1
008,128,-1,-1,-1
008,129,1532,1658,4
008,130,1825,1918,2
008,131,3104,3164,1
008,132,3111,3205,55
008,133,3206,3285,2
008,134,19241,19257,0
008,135,19258,19316,0
008,136,19317,19367,0
008,137,19368,19474,0
008,138,19475,19555,0
008,139,19556,19629,0
008,140,19939,20066,0
008,141,20127,20216,0
008,142,20217,20271,0
008,143,20477,20554,0
008,145,20555,20645,0
008,146,20740,20835,0
102,1,2130,2281,0
102,2,2286,2398,0
102,3,2399,2503,0
102,4,2504,2585,0
102,6,2653,2756,0
102,7,2757,2875,0
102,8,2882,2995,0
102,9,3009,3113,0
102,10,3468,3521,0
102,13,1297,1492,107
102,14,1536,1601,0
102,15,1602,1654,0
102,16,1655,1700,0
102,17,1701,1794,0
102,18,3818,3891,0
102,19,3892,4014,0
102,20,4319,4379,0
102,21,4380,4481,0
102,22,4891,4976,0
102,23,1795,1859,0
102,24,1860,1972,0
102,26,5292,5348,0
102,29,9006,9206,0
102,30,9207,9332,0
102,31,9333,9454,0
102,32,9455,9654,0
102,33,9655,9779,0
102,34,10088,10157,0
102,35,10158,10251,0
102,36,10252,10324,2
102,37,10326,10428,0
102,38,10429,10539,0
102,39,10540,10676,4
102,40,6551,6637,0
102,41,4122,4264,0
102,42,4464,4536,0
102,44,5277,5382,0
102,47,6579,6797,0
102,48,6579,6797,0
102,49,6798,7031,0
102,50,2886,3051,0
102,51,13178,13273,0
102,53,13688,13862,0
102,55,3264,3359,0
102,56,3360,3440,0
102,58,3477,3537,0
102,59,3538,3622,0
102,60,3623,3719,0
102,61,3720,3852,0
102,62,17497,17609,0
102,63,17610,17679,0
102,64,17680,17820,1
102,65,17680,17820,1
102,66,17822,17972,0
102,67,17973,18034,0
102,68,18036,18115,0
102,69,18116,18243,0
102,70,18244,18422,4
102,71,18423,18534,0
102,72,18535,18635,0
102,76,19278,19431,0
102,77,19433,19546,0
102,78,19547,19652,0
102,79,19653,19901,1
102,80,20415,20513,0
102,81,20514,20610,0
102,82,20611,20822,0
102,83,20611,20822,0
102,84,20823,20955,0
102,87,21809,21950,0
102,88,21952,22199,0
102,89,21952,22199,0
102,90,22200,22335,0
102,91,22337,22430,0
102,93,22490,22585,0
102,94,22586,22701,0
102,95,22702,22825,0
102,96,22826,22972,0
102,97,22973,23037,0
102,98,23038,23153,0
102,101,4030,4202,0
102,102,3664,3726,0
102,104,4258,4301,0
102,105,4302,4446,0
102,106,4447,4528,0
102,107,4529,4596,0
102,109,14369,14452,0
102,110,14453,14539,0
102,111,14542,14680,0
102,112,4794,4965,0
102,114,14249,14368,0
102,115,14683,14853,0
102,116,14854,14937,0
102,117,14938,15109,0
102,118,15110,15362,0
102,119,15110,15362,0
102,120,15365,15512,0
102,122,15558,15801,0
102,123,15802,15901,0
102,124,15904,16050,0
102,126,16286,16470,0
102,127,16473,16606,0
102,128,16607,16749,0
102,129,16750,16911,0
102,130,16912,17011,0
102,131,17223,17386,0
102,132,17387,17517,0
102,133,17725,17838,0
102,134,17841,17982,0
102,135,18218,18341,0
102,136,18342,18542,0
102,137,18880,18955,0
102,138,37243,37392,0
102,139,37393,37526,0
102,140,37571,37653,0
102,141,38531,38660,0
102,142,38661,38753,0
102,143,38755,38895,0
102,144,38942,39062,0
102,145,39063,39287,1
102,146,39288,39524,1
102,147,5094,5208,0
102,148,5209,5416,0
102,149,4615,4701,0
102,150,5451,5557,0
102,151,4703,4813,0
102,153,5558,5655,0
102,155,-1,-1,-1
102,156,5492,5626,0
102,157,6144,6272,0
102,159,6315,6399,0
102,160,6400,6504,1
027,5,425,463,0
027,6,464,493,0
027,7,494,573,3
027,8,-1,-1,-1
027,9,-1,-1,-1
027,10,849,984,3
027,11,-1,-1,-1
027,12,1215,1355,6
027,13,1356,1475,3
027,14,1476,1597,6
027,15,1600,1671,0
027,16,1672,1904,9
027,17,1672,1904,9
027,18,1905,2096,6
027,19,2822,2915,0
027,20,2916,3006,0
027,21,1111,1289,0
027,22,1290,1380,0
027,23,1381,1575,0
027,24,1576,1843,114
027,25,1844,2066,0
027,26,1844,2066,0
027,27,3007,3062,0
027,28,3063,3192,0
027,29,3193,3280,0
027,30,3281,3367,0
027,31,3458,3523,0
027,32,3524,3652,0
027,33,4586,4883,0
027,34,4884,4955,0
027,35,4956,5055,0
027,36,5056,5155,0
027,37,5156,5272,0
027,39,300,435,1
027,40,437,524,0
027,41,973,1028,0
027,42,1029,1478,1
027,43,1029,1478,1
027,44,1479,1591,2
027,47,583,664,1
027,48,665,854,0
027,49,855,934,0
027,50,771,1075,3
027,51,1078,1480,0
027,52,1078,1480,0
027,53,1483,1635,1
027,54,-1,-1,-1
027,55,223,418,0
027,56,419,597,0
027,57,598,698,0
027,58,699,931,0
027,59,932,1213,0
027,60,932,1213,0
027,61,1214,1626,0
027,62,1214,1626,0
027,63,1627,1779,0
027,64,1781,2012,0
027,65,2013,2118,0
027,66,2119,2320,0
027,67,2906,3178,0
027,68,3179,3299,0
027,69,3300,3755,0
027,70,3756,3908,0
027,72,3910,3984,0
027,73,3985,4166,0
027,74,4167,4457,0
027,76,2015,2095,0
027,77,2096,2213,0
027,78,2214,2471,0
027,79,2472,2560,0
027,80,2561,2809,1
027,81,2810,2929,1
027,82,2930,3053,1
027,83,3054,3150,0
027,84,3151,3352,0
027,85,3353,3466,3
027,86,3467,3605,0
027,88,2416,2466,0
027,89,2467,2612,0
027,90,2613,2750,0
027,91,2751,2914,2
027,92,2915,2969,0
027,93,2970,3256,1
027,94,3269,3415,2
027,96,-1,-1,-1
027,97,3815,4010,1
027,98,4011,4192,0
027,99,4198,4369,1
027,100,4376,4479,1
027,101,4480,4766,0
027,102,4480,4766,0
027,103,4767,4838,1
027,104,4842,5039,4
027,105,5040,5282,1
027,106,5283,5624,0
027,107,5628,5785,1
027,108,5786,5858,0
027,109,5862,6074,2
027,110,6078,6283,1
027,112,10774,11099,12
027,113,10774,11099,12
027,114,-1,-1,-1
027,115,11434,11781,12
027,116,11785,11887,3
027,117,13273,13441,6
027,119,19312,19563,9
027,120,19564,19919,12
027,121,19920,20050,3
027,122,20551,20820,9
027,123,20551,20820,9
027,124,20823,20914,3
027,125,20915,20940,0
027,126,20941,21203,9
027,127,21204,21286,3
027,129,21445,21497,3
027,130,21498,21631,3
027,131,21635,21903,9
027,132,21904,21986,3
027,133,21987,22264,9
027,134,21987,22264,9
027,135,23774,23912,3
027,136,23913,24117,9
027,137,24118,24277,6
027,139,2436,2599,0
027,140,2600,2755,0
027,141,2756,3105,0
027,142,3106,3431,0
027,143,3432,3509,0
027,144,3510,3728,0
027,145,3729,3789,0
027,146,5150,5212,0
027,147,5213,5388,0
027,148,5389,5565,0
027,149,5389,5565,0
027,150,5566,5795,0
027,151,5796,5994,0
039,1,-1,-1,-1
039,2,-1,-1,-1
039,3,-1,-1,-1
039,4,-1,-1,-1
039,5,-1,-1,-1
039,6,-1,-1,-1
039,7,-1,-1,-1
039,8,-1,-1,-1
039,9,-1,-1,-1
039,10,-1,-1,-1
039,11,-1,-1,-1
039,12,-1,-1,-1
039,13,-1,-1,-1
039,14,-1,-1,-1
039,15,-1,-1,-1
039,16,-1,-1,-1
039,17,-1,-1,-1
039,18,-1,-1,-1
039,19,-1,-1,-1
039,20,-1,-1,-1
039,21,-1,-1,-1
039,22,-1,-1,-1
039,23,-1,-1,-1
039,24,-1,-1,-1
039,25,-1,-1,-1
039,26,-1,-1,-1
039,27,-1,-1,-1
039,28,-1,-1,-1
039,29,-1,-1,-1
039,30,-1,-1,-1
039,31,-1,-1,-1
039,32,-1,-1,-1
039,33,-1,-1,-1
039,34,-1,-1,-1
039,35,-1,-1,-1
039,36,-1,-1,-1
039,37,-1,-1,-1
039,38,-1,-1,-1
039,39,-1,-1,-1
039,40,-1,-1,-1
039,41,-1,-1,-1
039,42,-1,-1,-1
039,43,-1,-1,-1
039,44,-1,-1,-1
039,45,-1,-1,-1
039,46,-1,-1,-1
039,47,-1,-1,-1
039,48,-1,-1,-1
039,49,-1,-1,-1
039,50,-1,-1,-1
039,51,-1,-1,-1
039,52,-1,-1,-1
039,53,-1,-1,-1
039,54,-1,-1,-1
039,58,6367,6444,10
039,59,-1,-1,-1
039,60,7632,7710,9
039,61,7712,7967,31
039,62,-1,-1,-1
039,63,-1,-1,-1
039,64,-1,-1,-1
039,65,9904,9983,8
039,66,9985,10066,8
039,67,-1,-1,-1
039,68,-1,-1,-1
039,69,-1,-1,-1
039,70,-1,-1,-1
039,71,-1,-1,-1
039,72,-1,-1,-1
039,73,12147,12245,12
039,74,-1,-1,-1
039,75,-1,-1,-1
039,76,12464,12562,13
039,77,13229,13406,23
039,78,-1,-1,-1
039,79,13505,13630,13
039,80,-1,-1,-1
039,81,-1,-1,-1
039,82,13922,13967,5
039,83,14201,14358,17
039,84,-1,-1,-1
039,85,14417,14469,5
039,98,-1,-1,-1
039,99,-1,-1,-1
039,100,-1,-1,-1
039,101,-1,-1,-1
039,102,-1,-1,-1
039,103,-1,-1,-1
039,104,-1,-1,-1
039,105,-1,-1,-1
039,106,-1,-1,-1
039,107,-1,-1,-1
039,108,-1,-1,-1
039,109,-1,-1,-1
039,110,-1,-1,-1
039,111,-1,-1,-1
039,112,-1,-1,-1
039,113,-1,-1,-1
039,114,-1,-1,-1
039,115,-1,-1,-1
039,116,-1,-1,-1
039,117,-1,-1,-1
039,118,-1,-1,-1
039,119,9366,9389,3
039,120,-1,-1,-1
039,121,-1,-1,-1
039,122,-1,-1,-1
039,123,-1,-1,-1
039,124,-1,-1,-1
039,125,-1,-1,-1
039,126,-1,-1,-1
039,127,-1,-1,-1
039,128,-1,-1,-1
039,129,-1,-1,-1
039,130,-1,-1,-1
039,131,-1,-1,-1
039,132,-1,-1,-1
039,133,-1,-1,-1
039,134,-1,-1,-1
039,135,-1,-1,-1
039,136,-1,-1,-1
039,137,-1,-1,-1
039,138,-1,-1,-1
039,141,-1,-1,-1
039,142,-1,-1,-1
039,143,-1,-1,-1
039,144,-1,-1,-1
039,145,-1,-1,-1
039,146,-1,-1,-1
039,147,-1,-1,-1
039,148,-1,-1,-1
039,149,-1,-1,-1
039,150,-1,-1,-1
039,151,-1,-1,-1
121,1,2702,2843,12
121,2,-1,-1,-1
121,3,-1,-1,-1
121,4,3071,3158,6
121,5,-1,-1,-1
121,6,3292,3406,9
121,7,3413,3554,9
121,8,808,924,12
121,9,-1,-1,-1
121,10,1217,1334,13
121,11,1335,1388,4
121,12,1690,1806,12
121,13,-1,-1,-1
121,14,3107,3205,8
121,15,-1,-1,-1
121,16,-1,-1,-1
121,17,3634,3771,16
121,18,-1,-1,-1
121,19,3961,4057,10
121,21,4121,4269,16
121,22,4270,4352,8
121,23,-1,-1,-1
121,24,-1,-1,-1
121,25,6613,6793,16
121,26,11501,11641,21
121,27,11501,11641,21
121,28,11642,11729,14
121,29,11730,11911,28
121,30,-1,-1,-1
121,31,-1,-1,-1
121,32,12403,12530,21
121,33,-1,-1,-1
121,34,12864,12939,41
121,35,743,882,6
121,36,-1,-1,-1
121,37,1047,1134,4
121,38,1136,1235,4
121,39,-1,-1,-1
121,40,1466,1581,4
121,41,1583,1684,4
121,42,1687,1827,6
121,43,-1,-1,-1
121,44,-1,-1,-1
121,45,2260,2317,4
121,46,2855,2938,4
121,47,-1,-1,-1
121,48,3073,3180,6
121,49,-1,-1,-1
121,50,3373,3475,6
121,51,3766,3819,3
121,52,3822,3922,6
121,53,3923,4052,9
121,54,4053,4124,7
121,55,4131,4283,12
121,56,4284,4367,6
121,57,4368,4569,110
121,58,-1,-1,-1
121,59,4705,4757,3
121,60,4758,4831,6
121,61,-1,-1,-1
121,62,4903,5073,127
121,63,-1,-1,-1
121,64,5278,5393,9
121,66,5487,5561,6
121,67,5487,5561,6
121,68,5562,5682,9
121,69,5685,5811,9
121,70,5812,5930,9
121,71,5931,6049,9
121,72,6056,6132,6
121,73,6133,6298,12
121,74,6299,6369,6
121,75,-1,-1,-1
121,77,3810,3934,6
121,78,3935,4090,8
121,79,4093,4211,4
121,80,4213,4279,3
121,81,-1,-1,-1
121,82,4454,4546,4
121,83,-1,-1,-1
121,84,4786,4871,5
121,85,4872,4977,4
121,87,-1,-1,-1
121,88,12045,12195,16
121,89,12196,12271,8
121,90,12272,12395,12
121,91,12396,12550,22
121,92,-1,-1,-1
121,93,-1,-1,-1
121,94,-1,-1,-1
121,95,-1,-1,-1
121,96,-1,-1,-1
121,97,-1,-1,-1
121,98,17250,17385,12
121,99,-1,-1,-1
121,100,17583,17701,8
121,101,17705,17779,4
121,102,-1,-1,-1
121,103,18018,18094,8
121,104,-1,-1,-1
121,105,18260,18421,16
121,106,-1,-1,-1
121,107,-1,-1,-1
121,108,-1,-1,-1
121,109,19330,19400,8
121,110,-1,-1,-1
121,111,19753,19889,12
121,113,-1,-1,-1
121,114,20200,20338,16
121,115,20339,20437,12
121,116,20441,20631,16
121,117,20635,20720,8
121,118,-1,-1,-1
121,119,20879,20950,4
121,120,20955,21100,12
121,121,-1,-1,-1
121,122,21405,21559,16
121,123,21560,21741,16
121,124,-1,-1,-1
121,125,-1,-1,-1
121,126,-1,-1,-1
121,127,-1,-1,-1
121,128,-1,-1,-1
121,129,10724,10850,6
121,130,10851,10988,8
121,131,10989,11047,2
121,132,11050,11154,4
121,133,11155,11257,6
121,134,11258,11382,6
121,135,-1,-1,-1
121,136,18905,19017,14
121,137,19024,19156,21
121,138,19157,19194,7
121,139,19243,19422,28
121,140,19243,19422,28
121,141,-1,-1,-1
121,142,19669,19838,28
121,143,-1,-1,-1
121,144,19990,20214,147
121,145,13832,14088,142
121,146,14091,14203,6
121,147,-1,-1,-1
121,148,-1,-1,-1
121,149,14815,14876,3
121,150,14883,15028,12
121,151,15029,15152,9
121,152,-1,-1,-1
121,153,-1,-1,-1
121,154,-1,-1,-1
121,155,-1,-1,-1
121,156,-1,-1,-1
121,157,1311,1461,27
121,158,1470,1646,36
121,159,-1,-1,-1
211,1,6559,6634,0
211,2,6636,6676,0
211,3,6678,6868,0
211,4,6869,7038,0
211,5,7046,7145,0
211,6,7146,7299,0
211,7,7300,7492,0
211,9,8728,8872,0
211,10,8873,8973,0
211,11,8974,9058,0
211,12,9066,9216,0
211,13,759,867,0
211,14,868,1036,2
211,15,1037,1240,0
211,16,1241,1350,0
211,17,1597,1768,0
211,19,2113,2268,0
211,20,2269,2471,1
211,21,2472,2789,1
211,22,3239,3382,0
211,23,3383,3568,1
211,24,3569,3706,0
211,25,3707,3806,0
211,26,4112,4389,0
211,28,4521,4696,0
211,29,4698,4893,0
211,30,4894,4998,0
211,32,6206,6313,0
211,33,6806,7019,1
211,34,8235,8438,0
211,35,20109,20165,0
211,36,20167,20265,0
211,37,20899,21092,0
211,38,21093,21262,0
211,39,21093,21262,0
211,40,21263,21453,0
211,41,21454,21617,0
211,42,22883,22995,0
211,43,23064,23256,0
211,44,1283,1356,0
211,45,1357,1438,0
211,46,23569,23732,2
211,47,23733,23831,0
211,48,23832,23927,0
211,49,1629,1767,0
211,50,1768,1894,0
211,51,1898,2007,1
211,52,2008,2103,0
211,53,2104,2266,0
211,54,2267,2339,0
211,55,2340,2445,2
211,56,2446,2602,0
211,57,2603,2719,0
211,58,2720,2792,0
211,59,2793,2876,0
211,60,2880,2980,0
211,61,2981,3101,0
211,62,3102,3219,0
211,63,3220,3373,0
211,64,3374,3495,1
211,65,3374,3495,1
211,66,3497,3684,4
211,67,3685,3832,0
211,68,3833,4073,0
211,69,4074,4229,0
211,70,4233,4329,0
211,71,4330,4393,0
211,72,4394,4527,0
211,73,4528,4630,0
211,75,25263,25385,0
211,76,25386,25515,0
211,77,25516,25607,0
211,78,25608,25878,0
211,79,26269,26393,0
211,80,26394,26607,0
211,81,27169,27260,0
211,82,27261,27445,0
211,83,27446,27591,0
211,84,27593,27661,0
211,85,27662,27773,0
211,86,27774,28031,0
211,87,28243,28341,0
211,88,28342,28619,0
211,89,28620,28680,0
211,90,28682,28872,0
211,91,28873,28942,0
211,92,28943,29071,0
211,93,29072,29212,0
211,94,29213,29322,0
211,95,29823,30019,0
211,96,30020,30193,0
211,97,30194,30312,0
211,98,30313,30442,0
211,99,30443,30587,0
211,101,2965,3053,0
211,102,3054,3190,0
211,105,3928,4079,0
211,106,4080,4135,0
211,107,4977,5050,0
211,108,5051,5179,0
211,109,5180,5314,0
211,110,5315,5413,0
211,111,5414,5471,0
211,114,31533,31739,0
211,115,31740,31973,3
211,116,31975,32131,0
211,117,32132,32280,0
211,118,32281,32367,0
211,119,32369,32496,0
211,121,3326,3437,1
211,122,3481,3571,1
211,123,3679,3873,2
211,125,4808,4906,1
211,126,5192,5357,2
211,127,5560,5639,1
211,128,5640,5772,2
211,129,3012,3041,0
211,130,3042,3077,0
211,131,3078,3261,0
211,132,-1,-1,-1
211,133,6430,6514,0
211,134,6516,6721,0
211,135,6869,7084,0
211,138,42596,42856,0
211,139,42858,42962,0
211,140,43265,43508,0
211,141,43509,43624,0
211,143,43626,43718,0
211,144,43674,43887,46
211,145,43889,43985,4
211,146,43986,44146,1
211,147,44147,44270,3
211,148,9926,10020,0
211,149,10021,10175,0
211,150,10176,10262,0
211,151,10270,10396,0
211,152,10270,10396,0
211,154,44854,44968,4
211,155,44854,44968,4
211,156,44969,45109,0
211,157,44969,45109,0
024,1,73626,73699,0
024,2,73700,73991,6
024,3,73992,74103,1
024,4,74104,74333,2
024,6,74334,74552,3
024,5,74553,74836,4
024,6,75312,75361,0
024,7,75362,75524,0
024,8,75525,75614,1
024,9,75615,75696,1
024,10,75697,75878,1
024,11,75879,76126,1
024,12,76127,76303,4
024,13,76795,76897,2
024,14,77973,78111,1
024,15,79494,79570,0
024,16,79571,79695,1
024,17,80158,80227,0
024,18,80948,81059,0
024,19,81060,81175,0
024,20,81176,81257,0
024,21,81259,81356,1
024,22,81537,81633,0
024,23,81634,81715,1
024,24,82689,82743,0
024,25,82744,82850,2
024,31,1208,1372,0
024,32,1374,1474,0
024,33,1475,1585,0
024,34,1587,1759,0
024,35,1761,1914,0
024,36,1915,2069,0
024,37,2071,2168,0
024,38,3687,4012,0
024,39,4059,4222,0
024,40,4223,4340,0
024,41,4341,4541,0
024,42,4542,4626,0
024,43,4627,4861,1
024,44,4862,4994,0
024,45,5146,5319,0
024,46,5320,5481,0
024,47,5482,5657,0
024,48,5658,5877,1
024,49,5924,6197,0
024,50,6198,6429,0
024,51,6431,6678,0
024,52,6679,6884,0
024,53,6885,7012,0
024,54,7013,7189,0
024,55,7191,7275,0
024,61,0,218,0
024,62,219,408,0
024,63,410,546,0
024,64,547,735,0
024,65,737,833,0
024,66,834,1037,0
024,67,1054,1165,0
024,68,1166,1339,0
024,69,1340,1515,0
024,70,1054,1339,0
024,71,1546,1759,0
024,72,1760,1814,0
024,73,1831,1960,0
024,74,2106,2204,0
024,75,2205,2391,0
024,76,2392,2457,0
024,77,2459,2558,0
024,78,2862,3056,0
024,79,3087,3195,0
024,80,3421,3493,0
024,81,3494,3590,0
024,82,3591,3841,0
024,83,3842,4015,0
024,84,4017,4195,0
024,85,4226,4461,34
024,90,0,177,0
024,91,208,349,0
024,92,351,467,0
024,93,468,519,0
024,94,520,596,0
024,95,597,730,0
024,96,731,867,0
024,97,868,1005,0
024,98,1006,1135,0
024,99,1136,1196,0
024,100,1205,1495,0
024,101,1497,1731,0
024,102,1733,1847,0
024,103,1848,1917,0
024,104,1918,1975,0
024,105,1976,2077,0
024,106,2078,2208,0
024,107,2209,2362,0
024,108,2364,2529,0
024,109,3704,3788,0
024,110,2530,2611,0
024,111,3894,3961,0
024,112,4137,4248,0
024,113,4249,4416,0
024,114,4417,4482,0
024,115,4501,4619,0
024,120,799,910,0
024,121,911,1125,0
024,122,1127,1387,0
024,123,1953,2082,0
024,124,2084,2145,0
024,125,2146,2261,0
024,126,2263,2355,0
024,127,2356,2504,0
024,128,2506,2575,0
024,129,2576,2755,0
024,130,2756,2923,0
024,131,3066,3545,0
024,132,3547,3813,0
024,133,3911,4033,0
024,134,4608,4905,0
024,135,5592,5749,0
024,136,5750,5895,0
024,137,6048,6181,0
024,138,6183,6286,0
024,139,6316,6545,0
024,140,6547,6761,0
024,141,6780,7012,0
024,142,7013,7151,0
024,143,7153,7373,0
024,144,7374,7624,0
024,145,7626,7763,0
131,1,1126,1543,1
131,2,1544,1632,0
131,3,1638,1816,0
131,4,2003,2139,0
131,5,2141,2426,0
131,6,3013,3178,2
131,7,3179,3276,0
131,8,3277,3772,0
131,9,3824,4028,0
131,10,4029,4225,0
131,11,4395,4450,0
131,12,4453,4689,1
131,13,4690,4759,0
131,14,4765,4919,2
131,15,4920,5006,1
131,16,5007,5047,0
131,17,5049,5208,1
131,19,5209,5314,1
131,20,5317,5409,5
131,21,5410,5560,1
131,22,5561,5729,0
131,23,5734,6139,0
131,24,6141,6572,2
131,25,6574,6801,0
131,26,6807,7019,0
131,27,7020,7087,0
131,28,7175,7445,0
131,30,2577,2617,0
131,31,2623,2685,0
131,32,2687,2787,0
131,33,2789,2882,0
131,34,2884,2984,0
131,35,2986,3082,0
131,36,3084,3129,0
131,37,3131,3186,0
131,38,3189,3243,0
131,39,3246,3342,0
131,40,3348,3389,0
131,43,3395,3485,0
131,44,3487,3575,0
131,45,3616,3709,0
131,46,3578,3613,0
131,47,3712,3756,0
131,48,3759,3857,0
131,49,3860,3958,0
131,50,3961,4230,3
131,51,4237,4293,0
131,52,4299,4777,0
131,53,4779,4958,0
131,54,4959,5007,0
131,55,5008,5084,0
131,56,5084,5383,0
131,57,5384,5625,0
131,58,9303,9438,2
131,59,9447,9633,6
131,60,9634,9737,1
131,61,-1,-1,-1
131,62,10055,10303,4
131,63,10304,10474,2
131,64,10475,10676,3
131,65,10683,10835,2
131,66,10836,10915,1
131,67,10916,10989,1
131,68,10991,11100,1
131,69,11107,11187,1
131,70,11188,11274,5
131,71,11277,11450,4
131,72,11451,11512,1
131,73,11517,11668,2
131,74,11669,11796,2
131,75,11797,12037,3
131,76,12038,12199,4
131,77,12200,12247,1
131,78,12248,12380,2
131,79,12381,12586,3
131,80,12587,12637,1
131,81,12701,12853,2
131,82,12854,13129,4
131,83,13130,13201,1
131,84,13202,13275,1
131,85,-1,-1,-1
131,87,13458,13636,3
131,88,5586,5642,0
131,89,5653,5687,0
131,90,5689,5779,0
131,92,5781,5819,0
131,93,5820,5998,0
131,94,5999,6090,0
131,91,8124,8427,0
131,92,8428,8573,0
131,93,8574,8796,0
131,94,8844,9036,0
131,95,9039,9318,0
131,96,9321,9555,0
131,97,9556,9677,0
131,99,9680,9822,0
131,100,9823,10166,0
131,101,10169,10588,0
131,102,10589,10696,0
131,103,10699,10840,0
131,104,10999,11332,0
131,105,3344,4055,0
131,106,4056,4127,0
131,107,4130,4532,0
131,108,4533,4664,0
131,109,16320,16392,0
131,110,16396,16621,0
131,111,16626,16877,5
131,112,16880,17122,0
131,113,17124,17319,0
131,114,17321,17441,0
131,115,17442,17547,0
131,116,17548,17813,0
131,117,17814,17905,0
131,118,17907,17990,0
131,119,17991,18117,0
131,120,18118,18167,0
131,121,18303,18530,0
131,122,18531,18616,0
131,123,18617,18681,0
131,124,18683,18781,0
131,125,18782,18881,0
131,126,18882,19006,0
131,127,19008,19112,0
131,128,19114,19244,0
131,129,19246,19419,0
131,130,19420,19591,0
131,131,19592,19675,0
131,132,19677,19807,0
131,133,19809,19940,0
131,134,19941,20022,0
131,135,20023,20220,0
131,136,20221,20305,0
131,137,20306,20397,0
131,138,20399,20612,0
131,139,20614,20803,0
131,140,20805,21019,0
131,141,21021,21163,0
131,142,21164,21318,0
131,143,21320,21371,0
131,144,21373,21553,0
131,145,21555,21596,0
131,146,21600,21703,0
131,147,21728,21842,0
131,148,21846,22126,0
131,149,22128,22636,0
131,150,22638,22760,0
079,1,-1,-1,-1
079,2,2106,2158,1
079,3,2063,2323,95
079,4,2329,2380,1
079,5,2159,2456,1
079,6,2159,2456,1
079,7,232,336,0
079,8,337,414,0
079,9,416,517,0
079,13,-1,-1,-1
079,14,3967,4115,2
079,15,4116,4218,2
079,16,4301,4457,2
079,17,745,844,0
079,18,845,929,3
079,19,930,1030,0
079,20,1031,1234,0
079,21,1031,1234,0
079,22,4658,4796,2
079,23,-1,-1,-1
079,24,4797,4868,0
079,25,1236,1374,0
079,26,13833,13953,0
079,27,13954,14020,0
079,28,14021,14129,0
079,29,14313,14409,0
079,30,14410,14558,0
079,31,1375,1547,0
079,32,1549,1607,0
079,33,1608,1791,0
079,34,1792,1965,0
079,35,1792,1965,0
079,36,1966,2108,0
079,37,2109,2209,0
079,38,2371,2465,0
079,39,2554,2615,0
079,40,2616,2748,3
079,41,2749,2855,0
079,42,2856,2913,0
079,43,2914,3059,0
079,44,3060,3166,2
079,46,2261,2296,0
079,49,747,824,1
079,50,825,883,3
079,51,990,1077,2
079,52,1078,1192,0
079,53,1193,1280,2
079,57,1232,1338,0
079,58,4205,4241,1
079,60,4142,4305,0
079,61,4306,4377,0
079,62,4555,4670,0
079,63,4506,4554,0
079,64,2589,2747,0
079,66,4954,5129,0
079,67,5303,5445,0
079,68,5446,5589,0
079,69,2748,2886,0
079,70,2887,2959,0
079,71,5590,5832,0
079,72,5833,5943,1
079,73,5944,6031,0
079,74,6032,6079,0
079,75,2960,3060,0
079,76,6124,6240,0
079,77,6241,6311,0
079,78,16964,17112,0
079,79,17231,17500,0
079,80,17231,17500,0
079,81,17501,17722,0
079,82,17501,17722,0
079,83,17723,17857,0
079,84,17859,17999,0
079,85,6312,6397,0
079,86,2834,2912,0
079,87,6398,6474,0
079,88,6475,6603,0
079,89,2977,3047,0
079,90,3048,3091,0
079,91,3268,3366,0
079,92,6604,6734,0
079,95,6824,7004,0
079,96,18032,18272,0
079,97,18032,18272,0
079,98,18387,18562,0
079,99,18563,18753,0
079,100,18754,18879,0
079,101,18880,18930,0
079,102,18931,18994,0
079,103,18995,19073,0
079,104,19112,19377,0
079,105,19378,19549,0
079,107,20172,20265,0
079,108,1319,1427,1
079,115,4677,4871,0
079,117,7006,7099,1
079,118,7100,7301,0
079,120,7409,7458,0
079,134,8310,8583,0
079,135,7702,7749,0
079,136,20344,20492,0
079,137,2499,2552,1
079,138,2553,2703,0
079,139,2709,2772,0
079,140,7750,7992,0
079,142,15856,15943,3
079,143,15944,16153,2
079,145,17183,17293,2
079,146,16154,16325,0
079,148,20561,20637,0
079,149,20638,20899,0
103,3,1320,1606,0
103,4,1607,1689,0
103,5,1690,1823,0
103,6,279,385,0
103,10,503,599,0
103,14,12259,12378,0
103,16,12515,12561,0
103,17,12563,12679,0
103,18,12680,12787,2
103,22,13108,13230,0
103,23,13108,13230,0
103,24,13232,13316,0
103,25,13317,13395,0
103,26,13396,13505,1
103,27,13507,13608,0
103,28,13609,13743,0
103,29,13744,13880,0
103,30,13744,13880,0
103,31,13881,14125,1
103,32,14567,14738,0
103,33,14739,14806,0
103,34,14807,14874,0
103,35,14875,15093,0
103,36,15094,15264,0
103,39,15604,15695,0
103,40,15963,16122,3
103,41,16123,16203,0
103,42,16204,16388,0
103,43,16204,16388,0
103,44,16389,16720,0
103,45,16389,16720,0
103,46,16722,16878,0
103,47,16879,17014,1
103,50,17220,17317,0
103,51,1182,1326,0
103,52,-1,-1,-1
103,53,1477,1722,0
103,54,1477,1722,0
103,55,17318,17460,0
103,56,17461,17561,0
103,57,17562,17620,0
103,58,17621,17831,0
103,60,17880,18125,0
103,61,18127,18338,0
103,62,3625,3798,3
103,63,3799,3940,2
103,64,3941,4021,0
103,65,4022,4125,0
103,66,1468,1527,0
103,67,3233,3329,0
103,68,3330,3508,0
103,69,3509,3679,0
103,70,3680,3801,0
103,71,4127,4211,1
103,72,4212,4311,1
103,73,4312,4425,1
103,74,4426,4581,1
103,78,4850,4955,2
103,79,4956,5053,1
103,80,5054,5135,0
103,81,5136,5246,0
103,82,5247,5354,1
103,83,1653,1830,0
103,84,1831,1893,0
103,85,4053,4210,0
103,86,4211,4324,0
103,87,4325,4465,0
103,90,1982,2095,0
103,91,2096,2181,0
103,92,2217,2314,0
103,93,43050,43133,0
103,94,43134,43259,0
103,95,43260,43436,0
103,96,43438,43588,1
103,97,43589,43830,0
103,98,43589,43830,0
103,99,43831,43899,0
103,100,43900,44037,0
103,101,44038,44219,0
103,102,44220,44310,1
103,103,44311,44382,0
103,104,44383,44558,0
103,105,44559,44740,0
103,106,44742,44787,0
103,107,44788,45038,3
103,108,44788,45038,3
103,109,45040,45138,0
103,110,45139,45302,1
103,111,45303,45477,0
103,112,45478,45669,1
103,113,45671,45775,0
103,114,45776,45966,0
103,115,46046,46290,0
103,116,46291,46430,0
103,117,46431,46576,0
103,118,46577,46726,1
103,119,46727,46887,0
103,120,46888,47065,0
103,121,47067,47214,0
103,122,47215,47306,0
103,123,47308,47394,0
103,124,47395,47562,0
103,125,47563,47701,0
103,126,47702,47808,0
103,127,47810,47981,1
103,128,6231,6353,0
103,129,6354,6439,0
103,130,6440,6544,0
103,131,6546,6637,0
103,132,6638,6792,0
103,133,2936,3026,0
103,134,3027,3095,0
103,135,53257,53301,3
103,136,53302,53382,1
103,137,7068,7148,0
103,138,7165,7220,0
103,139,7221,7322,0
103,141,2610,2880,0
103,142,2885,3006,0
103,143,3269,3368,0
103,144,3369,3494,0
103,145,3495,3605,0
103,146,3606,3673,0
103,147,3814,3939,0
103,148,3940,4014,0
103,149,4015,4137,0
103,150,4176,4331,0
103,151,4332,4377,0
103,152,4382,4516,0
103,153,5212,5286,0
103,154,5292,5388,0
195,1,219,296,3
195,2,297,388,3
195,3,390,583,3
195,4,584,672,0
195,5,673,796,1
195,6,1275,1448,0
195,7,1449,1545,1
195,8,1837,1972,0
195,9,1973,2189,1
195,10,2190,2247,0
195,11,2249,2322,0
195,12,2323,2391,0
195,13,2392,2486,1
195,14,2487,2534,0
195,15,2536,2687,3
195,16,2689,2842,0
195,17,2844,2901,0
195,18,2902,2982,1
195,19,3048,3138,1
195,20,3143,3248,0
195,21,4819,4871,0
195,22,4872,5055,0
195,23,5056,5177,0
195,24,5178,5287,0
195,27,4221,4382,0
195,28,4383,4487,0
195,29,4488,4566,5
195,30,4568,4656,0
195,31,4658,4735,0
195,32,4736,4898,3
195,33,4900,5027,0
195,34,5029,5101,3
195,35,5103,5219,0
195,36,5220,5298,3
195,39,1134,1311,0
195,40,1312,1367,0
195,41,1461,1558,0
195,42,1559,1624,0
195,43,1626,1741,0
195,44,1742,1899,0
195,45,1900,1994,0
195,46,1995,2124,0
195,47,2126,2256,0
195,48,2258,2435,0
195,49,2443,2568,0
195,50,2569,2616,0
195,51,2617,2745,0
195,53,5367,5461,0
195,54,5462,5575,0
195,55,5576,5722,0
195,56,5723,5815,0
195,57,5816,6037,0
195,58,6040,6186,0
195,59,6187,6291,0
195,60,6292,6409,0
195,61,6410,6505,0
195,62,6506,6629,0
195,63,6633,6731,0
195,64,6732,6858,0
195,65,6859,6978,0
195,66,6981,7133,0
195,67,7134,7226,0
195,69,-1,-1,-1
195,70,2485,2658,4
195,71,-1,-1,-1
195,72,-1,-1,-1
195,73,3124,3296,3
195,74,3142,3399,157
195,75,3400,3452,2
195,76,3453,3595,3
195,77,3477,3752,157
195,78,3756,3957,137
195,79,3823,3957,4
195,80,3958,4057,4
195,81,4058,4112,1
195,82,-1,-1,-1
195,83,4344,4515,1
195,84,4358,4592,161
195,85,4596,4760,3
195,86,4761,4837,0
195,87,-1,-1,-1
195,88,-1,-1,-1
195,89,4960,5289,153
195,90,5873,6074,148
195,91,5929,6074,3
195,92,5920,6215,158
195,93,6219,6388,2
195,94,6389,6456,0
195,95,6527,6610,1
195,96,-1,-1,-1
195,97,6815,6973,4
195,98,6820,7202,159
195,99,7203,7326,3
195,100,7173,7379,159
195,101,-1,-1,-1
195,102,7596,7908,4
195,103,8094,8257,3
195,104,8258,8380,0
195,105,8381,8535,3
195,106,-1,-1,-1
195,108,958,1009,0
195,109,1010,1117,0
195,110,1118,1199,0
195,111,1201,1271,0
195,112,1272,1395,0
195,113,1398,1521,0
195,114,1524,1606,0
195,115,1607,1713,0
195,116,1715,1808,1
195,117,2203,2365,0
195,118,2367,2508,1
195,119,2510,2625,0
195,120,2626,2673,0
195,121,2674,2727,0
195,122,2728,2806,0
195,125,925,1008,0
195,126,1058,1181,0
195,127,1182,1251,0
195,128,1252,1323,0
195,129,1324,1420,0
195,130,1421,1557,0
195,131,1565,1697,0
195,132,1698,1767,0
195,133,1768,1859,0
195,134,1860,2038,0
195,135,2039,2152,0
195,136,2153,2267,0
195,137,2268,2352,0
195,138,2353,2491,0
195,139,2492,2642,0
195,140,2648,2896,0
243,1,2164,2334,0
243,2,4249,4441,0
243,3,4442,4553,0
243,5,5563,5711,0
243,6,5714,5916,0
243,7,5917,6093,0
243,8,5917,6093,0
243,9,6094,6266,0
243,10,6269,6501,0
243,11,6502,6565,0
243,12,6566,6745,0
243,14,6746,6838,0
243,15,6841,7024,0
243,15,6841,7024,0
243,16,7027,7145,0
243,17,7146,7454,0
243,18,7146,7454,0
243,19,7457,7735,0
243,20,7736,7872,0
243,22,7979,8160,0
243,23,8161,8259,0
243,24,8260,8414,0
243,25,8415,8636,0
243,26,8639,8847,0
243,27,8639,8847,0
243,28,8848,9298,0
243,29,9471,9781,0
243,30,9784,9988,0
243,32,10202,10667,0
243,33,10202,10667,0
243,34,10668,10880,3
243,35,10881,11028,0
243,36,11029,11125,0
243,37,11259,11447,0
243,38,11448,11595,0
243,39,11596,11752,0
243,40,11753,11950,0
243,42,13295,13474,0
243,43,13475,13746,0
243,44,13475,13746,0
243,46,13823,13965,0
243,47,13966,14191,0
243,48,14192,14364,0
243,49,14367,14574,0
243,51,14653,14710,0
243,52,14711,14777,0
243,53,14778,15006,0
243,56,22755,22931,0
243,57,22932,23005,0
243,58,23006,23156,0
243,59,23157,23214,0
243,60,23215,23256,0
243,61,23257,23381,0
243,62,23382,23461,0
243,64,23494,23559,0
243,65,23593,23724,0
243,67,28209,28460,0
243,68,28461,28496,0
243,69,28497,28614,0
243,70,28615,28707,0
243,71,28708,28854,0
243,72,29245,29439,0
243,73,29440,29637,0
243,74,29643,29810,0
243,76,2160,2438,15
243,77,2439,2522,5
243,78,2528,2663,5
243,79,2669,2724,0
243,80,2730,2779,0
243,81,2850,2875,0
243,82,2881,3100,15
243,83,3101,3203,11
243,84,3204,3294,5
243,85,3300,3377,5
243,86,3378,3496,5
243,87,3502,3578,5
243,88,3579,3707,5
243,89,3713,3794,5
243,90,3795,3907,10
243,92,4001,4111,5
243,93,4112,4196,5
243,94,4202,4293,5
243,95,4294,4364,5
243,96,4365,4494,10
243,97,4495,4525,0
243,98,4526,4696,10
243,99,4703,4761,0
243,100,4762,4870,10
243,101,4871,4952,5
243,103,7271,7344,2
243,104,7345,7463,4
243,106,-1,-1,-1
243,107,7578,7814,161
243,108,-1,-1,-1
243,109,8056,8176,2
243,110,8266,8421,2
243,111,8422,8495,2
243,112,8568,8698,1
243,114,9631,9749,4
243,115,9750,9797,1
243,116,-1,-1,-1
243,117,-1,-1,-1
243,118,9914,9991,3
243,119,9842,10042,154
243,120,10043,10102,1
243,122,207,340,0
243,123,341,416,0
243,124,417,490,0
243,125,491,577,0
243,126,578,813,0
243,127,578,813,0
243,128,709,869,0
243,129,871,980,0
243,130,982,1315,4
243,131,1317,1479,0
243,132,1317,1479,0
243,133,1481,1596,0
243,134,1597,1695,0
243,135,1696,1792,0
243,136,1696,1792,0
243,137,1927,2074,2
243,140,581,715,28
243,142,805,1031,46
243,143,1032,1135,18
243,144,1144,1208,9
243,145,1209,1433,36
243,146,1484,1922,81
243,147,3659,3778,27
243,148,3779,3872,18
243,149,3873,3947,18
243,150,3948,4188,45
243,151,4189,4302,18
243,152,4303,4507,37
243,153,4508,4673,27
243,154,4674,4821,27
243,155,5007,5129,18
086,1,1106,1493,2
086,3,1494,1909,0
086,4,1777,2124,4
086,5,2125,2291,4
086,6,2292,2588,8
086,7,2589,2927,4
086,8,2928,3165,8
086,9,3198,3426,4
086,10,3696,3937,4
086,11,717,916,2
086,12,917,1163,2
086,13,56594,56856,5
086,14,56858,57321,2
086,15,57322,57440,1
086,16,57494,57820,1
086,17,57821,57988,0
086,18,57989,58269,1
086,19,58270,58376,0
086,20,58555,59369,13
086,21,59514,59873,0
086,22,59875,60339,12
086,23,60341,60856,5
086,24,60857,61567,0
086,25,-1,-1,-1
086,26,61900,62097,5
086,27,6826,7064,0
086,29,7124,7309,0
086,31,7400,7449,0
086,33,7450,7722,0
086,34,62632,62729,1
086,35,7834,7890,0
086,36,7891,7986,0
086,37,7987,8137,2
086,38,62730,62959,6
086,43,346,501,0
086,44,502,615,0
086,45,616,806,0
086,46,807,891,0
086,47,892,1071,0
086,48,1072,1311,0
086,49,1312,1413,0
086,50,1418,1663,0
086,51,1664,1764,0
086,52,1765,1837,0
086,53,2608,2807,0
086,54,2808,2928,0
086,55,2967,3054,0
086,56,3516,3689,0
086,57,3690,3816,0
086,59,4836,4943,0
086,60,4944,5107,0
086,61,5112,5426,0
086,62,8396,8762,5
086,63,8764,8917,0
086,64,8918,9101,0
086,65,9102,9193,0
086,66,9194,9785,3
086,67,9842,10018,0
086,68,10019,10377,5
086,69,10378,10503,0
086,70,10504,10764,2
086,71,10820,11104,5
086,72,11682,11927,0
086,73,11928,12046,0
086,74,12048,12595,0
086,75,12597,12661,0
086,76,12663,12762,0
086,77,12763,13076,29
086,78,13049,13185,1
086,80,13321,13363,0
086,81,13429,13535,0
086,82,13536,13719,2
086,83,13720,13986,1
086,84,13988,14410,4
086,85,15326,15537,4
086,86,15538,15630,0
086,87,15773,16065,2
086,88,16067,16369,4
086,89,16371,16560,3
086,90,16561,16834,5
086,91,16836,16963,0
086,92,17036,17270,31
086,95,72000,72119,0
086,96,72120,72241,0
086,97,72242,72295,1
086,98,72296,72466,1
086,99,7896,8074,0
086,100,8075,8225,15
086,101,8226,8333,4
086,102,8334,8505,4
086,105,8506,8575,0
086,106,6222,6408,0
086,107,6413,6624,4
086,108,6625,6719,0
086,109,6720,6813,4
086,110,6814,6955,0
086,111,6956,7125,4
086,112,7126,7514,11
086,113,7515,7772,8
086,114,7773,7865,0
086,118,542,842,4
086,120,1061,1159,2
086,121,1160,1364,2
086,122,1365,1439,1
086,123,1545,1730,0
086,124,1731,1920,0
086,125,1921,2024,0
086,126,1572,1825,3
086,127,2240,2451,2
086,128,-1,-1,-1
086,130,5032,5235,0
086,131,5235,5347,0
086,132,6366,6623,0
086,133,6625,6805,0
086,134,6806,6956,1
086,135,6957,7107,0
086,136,5920,6058,2
086,137,6059,6213,2
086,138,6214,6399,3
086,139,-1,-1,-1
086,140,7191,7269,1
086,141,7270,7452,2
086,142,-1,-1,-1
086,143,7824,8038,3
086,144,13129,13336,2
086,145,13339,13523,3
086,146,13524,13712,2
086,147,13713,13843,2
086,148,13844,14050,2
086,150,14141,14329,2
257,1,169,267,0
257,2,268,360,0
257,4,441,545,0
257,5,546,613,0
257,6,614,723,0
257,7,724,840,0
257,8,842,856,0
257,9,857,924,0
257,10,925,1021,0
257,11,1022,1113,0
257,12,1114,1294,1
257,13,1295,1369,0
257,14,1370,1410,0
257,15,1411,1462,0
257,16,1463,1513,0
257,17,1514,1595,0
257,18,1596,1734,0
257,21,1804,1880,0
257,22,1881,1964,0
257,23,1965,2085,0
257,24,2086,2216,1
257,25,11319,11337,0
257,26,11342,11463,0
257,27,11464,11527,0
257,28,11528,11559,0
257,29,11560,11704,1
257,30,11705,11764,0
257,31,11765,11844,0
257,32,11845,12017,0
257,34,12018,12080,0
257,35,12081,12238,0
257,36,1730,1839,81
257,37,1762,1839,0
257,38,1840,1897,0
257,39,1898,1998,0
257,41,1999,2066,0
257,42,2067,2174,0
257,43,2175,2326,0
257,44,2327,2451,0
257,45,2452,2575,0
257,46,2576,2668,0
257,47,2669,2759,0
257,48,2760,2840,0
257,49,2841,2976,0
257,50,-1,-1,-1
257,51,2302,2477,0
257,53,2478,2599,0
257,54,2600,2742,0
257,56,2743,2825,0
257,57,2897,2979,0
257,58,2980,3128,0
257,59,3129,3206,0
257,60,3294,3430,0
257,61,3431,3509,0
257,62,3510,3634,0
257,63,9841,9863,0
257,64,9868,9978,0
257,65,9979,10050,0
257,66,10051,10124,0
257,67,10125,10275,0
257,68,10276,10428,0
257,70,10429,10493,0
257,71,10494,10614,0
257,72,-1,-1,-1
257,73,3644,3800,0
257,74,3801,3893,0
257,75,3894,4052,0
257,78,4123,4227,0
257,79,3636,3731,63
257,80,3670,3731,0
257,82,3784,3913,0
257,83,3914,4023,0
257,85,4085,4169,0
257,86,4170,4252,0
257,87,4253,4349,0
257,88,4419,4518,0
257,89,4519,4626,0
257,90,4627,4730,0
257,91,2218,2249,0
257,92,2250,2383,0
257,93,2384,2462,0
257,94,2463,2575,0
257,96,2576,2648,0
257,97,2649,2707,0
257,98,2708,2797,0
257,99,2798,2880,0
257,100,2881,2962,0
257,101,2963,3042,0
257,102,3043,3131,0
257,104,3235,3367,0
257,105,3368,3581,0
257,106,3582,3654,0
257,108,3759,3818,0
257,109,3819,3914,1
257,110,3915,4021,0
257,111,4022,4095,0
257,113,4147,4294,0
257,115,4295,4364,0
257,116,4365,4463,0
257,118,9206,9259,42
257,119,9221,9345,0
257,120,9346,9567,0
257,122,9568,9678,0
257,123,9679,9836,0
257,124,17673,17842,145
257,125,17731,17842,0
257,126,17843,17902,0
257,127,17903,18065,0
257,129,18066,18199,0
257,130,18200,18249,0
257,132,18293,18422,0
257,133,18423,18515,0
257,134,4732,4819,62
257,135,4759,4819,0
257,138,5098,5144,0
257,139,5145,5233,0
257,140,5234,5319,0
257,141,5320,5375,0
257,142,5447,5516,0
257,143,5517,5600,0
257,144,5601,5670,0
257,145,5671,5719,0
257,146,4948,4988,0
257,147,4993,5235,0
257,149,5236,5363,0
257,150,5364,5491,0
257,151,5492,5567,0
257,152,5568,5652,0
049,2,1058,1332,139
049,3,1333,1415,0
049,4,1416,1478,0
049,5,1479,1708,0
049,6,1709,1941,0
049,7,1943,2042,0
049,8,2044,2192,0
049,9,2193,2265,0
049,10,2266,2444,0
049,12,578,631,0
049,13,648,732,6
049,15,749,830,1
049,16,846,954,13
049,17,966,1021,0
049,18,1038,1166,13
049,19,1215,1330,13
049,20,1357,1509,12
049,21,1510,1591,6
049,23,2130,2242,6
049,25,2279,2346,6
049,26,2347,2467,12
049,27,2495,2570,6
049,28,2598,2636,6
049,29,2637,2686,6
049,30,2687,2755,6
049,32,2756,2981,18
049,34,3018,3118,6
049,35,3146,3343,18
049,37,3344,3413,6
049,38,3441,3564,6
049,39,3565,3651,12
049,40,3652,3739,6
049,41,3773,3885,6
049,43,3886,3986,12
049,44,3987,4092,6
049,45,4099,4263,12
049,46,4264,4434,18
049,49,4435,4482,6
049,50,4997,5163,0
049,51,5164,5277,0
049,52,5281,5464,0
049,53,5465,5574,0
049,54,5578,5667,0
049,55,5668,5795,0
049,56,5796,5932,0
049,57,5933,6023,0
049,58,6082,6194,0
049,59,6195,6326,0
049,60,6330,6426,0
049,61,6427,6484,0
049,62,6485,6527,0
049,63,6528,6613,0
049,64,6614,6685,0
049,65,6689,6791,0
049,67,1076,1202,0
049,68,1203,1307,0
049,69,1388,1460,0
049,70,1461,1542,0
049,71,1543,1657,0
049,72,1658,1753,0
049,73,1754,1846,0
049,74,1847,1973,0
049,75,1974,2106,3
049,76,2107,2378,0
049,77,2379,2591,0
049,78,2592,2637,0
049,79,2765,2871,0
049,80,2872,3015,0
049,81,2872,3015,0
049,82,3016,3153,0
049,83,3016,3153,0
049,84,3154,3342,0
049,85,3154,3342,0
049,86,3343,3504,1
049,87,3568,3614,0
049,88,3615,3701,0
049,89,3702,3804,0
049,90,3702,3804,0
049,91,1454,1567,0
049,92,1568,1629,0
049,93,1630,1730,0
049,94,1731,1901,0
049,95,1731,1901,0
049,96,1902,1939,0
049,97,1940,1994,0
049,98,1995,2235,0
049,99,1995,2235,0
049,100,2236,2366,0
049,101,2367,2510,0
049,102,2511,2737,0
049,103,1085,1135,0
049,104,1136,1191,0
049,105,1192,1320,0
049,106,1321,1420,0
049,107,1421,1488,0
049,108,1490,1606,0
049,109,1607,1673,0
049,110,1674,1801,0
049,111,1802,1868,0
049,112,1869,1949,0
049,113,1950,2017,0
049,114,2019,2213,0
049,115,2214,2265,0
049,116,3009,3132,0
049,117,3744,3803,0
049,118,3804,3971,0
049,119,3972,4055,0
049,120,4057,4167,0
049,121,4171,4335,0
049,122,4336,4448,0
049,123,4336,4448,0
049,124,4450,4629,0
049,125,4630,4726,0
049,126,4728,4990,0
049,127,4728,4990,0
049,128,4992,5079,0
049,129,5080,5174,0
049,130,5175,5265,0
049,132,5266,5300,0
049,133,5301,5486,0
049,134,5488,5626,0
049,135,5627,5691,0
049,137,5692,5738,0
049,138,5739,5774,0
049,139,5775,5821,0
049,140,5822,5904,0
049,141,5905,5996,0
049,142,5998,6094,0
049,143,6095,6261,0
049,144,6262,6294,0
049,145,6295,6360,0
049,146,6361,6466,0
049,147,6468,6524,0
049,148,6525,6617,0
049,149,6618,6676,0
049,150,6677,6774,0
137,1,758,928,0
137,2,929,1026,0
137,3,1027,1160,0
137,4,1178,1282,0
137,5,1283,1363,0
137,6,1364,1440,0
137,7,5493,5571,0
137,8,5572,5788,0
137,9,5789,5854,0
137,10,5855,5957,0
137,11,6135,6234,0
137,12,6493,6642,0
137,13,2417,2501,1
137,14,2502,2556,0
137,15,2557,2763,0
137,16,2764,2942,0
137,17,3174,3292,0
137,18,10829,10918,0
137,19,10919,10970,0
137,20,10987,11196,0
137,21,11197,11305,0
137,22,11306,11446,0
137,23,11447,11521,0
137,24,11277,11426,0
137,25,11427,11508,0
137,26,11510,11802,0
137,27,11955,12063,0
137,28,12065,12304,0
137,29,12305,12462,0
137,30,12463,12613,1
137,31,12652,12738,0
137,32,12739,12857,0
137,33,12858,12951,0
137,34,12952,13012,0
137,35,13013,13168,0
137,36,13169,13241,2
137,37,13242,13330,0
137,38,13332,13439,1
137,39,13441,13564,1
137,40,13565,13671,0
137,41,13672,13767,1
137,42,13769,13963,0
137,43,13964,14029,0
137,44,14031,14298,1
137,45,14300,14413,0
137,46,14414,14614,0
137,47,14616,14840,0
137,48,14841,14974,1
137,49,14976,15129,1
137,50,15130,15288,0
137,51,15289,15457,0
137,52,15458,15583,1
137,53,15584,15730,0
137,54,15732,15922,1
137,55,15923,16000,0
137,56,16002,16198,0
137,57,16200,16314,1
137,58,16316,16422,1
137,59,16468,16640,1
137,60,16642,16864,0
137,61,16866,16978,1
137,62,16979,17103,0
137,63,17105,17278,0
137,64,17280,17417,0
137,65,17516,17745,0
137,66,17747,17883,0
137,67,17884,17939,0
137,68,17941,18107,0
137,69,18108,18179,0
137,70,18181,18308,0
137,71,18310,18415,0
137,72,18416,18497,0
137,73,18551,18812,1
137,74,18814,18954,0
137,75,18956,19128,0
137,76,19129,19200,0
137,77,19201,19432,1
137,78,19433,19617,0
137,79,19618,19807,2
137,80,19808,20049,0
137,81,20050,20111,0
137,82,20112,20257,0
137,83,21146,21381,0
137,84,21383,21585,0
137,85,21586,21710,0
137,86,21901,22040,0
137,87,22460,22684,1
137,88,22902,23277,156
137,89,23278,23470,1
137,90,23472,23607,0
137,91,23609,23785,0
137,92,23786,23848,0
137,93,24005,24145,0
137,94,24147,24256,0
137,95,24257,24427,1
137,96,24705,24770,0
137,97,24771,24893,0
137,98,24894,25057,0
137,99,25106,25180,0
137,100,25181,25391,0
137,101,25392,25551,0
137,102,25553,25726,0
137,103,25727,25802,0
137,104,25803,25924,1
137,105,25925,26104,0
137,106,26256,26319,0
137,107,26321,26533,0
137,108,26534,26649,1
137,109,26651,26856,1
137,110,26857,26951,0
137,111,26953,27197,2
137,112,27199,27345,1
137,113,27347,27457,0
137,114,27509,27746,0
137,115,27748,27855,0
137,116,28016,28113,2
137,117,28114,28380,2
137,118,28382,28529,0
137,119,28530,28691,0
137,120,30255,30352,0
137,121,30353,30585,0
137,122,30587,30854,0
137,123,34897,34980,0
137,124,34982,35156,3
137,125,35382,35442,1
137,126,35444,35516,1
137,127,35577,35609,0
137,128,35610,35680,2
137,129,35681,35738,1
137,130,35739,35802,2
137,131,35935,36032,2
137,132,36033,36146,0
137,133,36148,36419,1
137,134,36425,36543,0
137,135,37551,37739,1
055,1,2535,2592,1
055,2,2594,2683,1
055,3,3038,3183,0
055,5,1495,1647,1
055,6,2839,2966,1
055,7,4452,4611,0
055,8,-1,-1,-1
055,9,10145,10270,1
055,10,6773,6885,2
055,11,6887,6971,0
055,12,7108,7273,1
055,13,7274,7476,0
055,14,7478,7578,0
055,15,7579,7714,0
055,16,7747,7911,0
055,17,7947,8045,1
055,19,8123,8241,3
055,20,8243,8289,0
055,22,8435,8497,1
055,23,8499,8619,0
055,24,-1,-1,-1
055,25,8874,8965,0
055,26,8966,9203,0
055,27,9205,9318,0
055,28,9319,9404,1
055,30,9509,9610,1
055,31,-1,-1,-1
055,32,10371,10622,0
055,33,10623,10761,2
055,34,10763,10901,0
055,35,10903,10980,0
055,36,10981,11042,1
055,37,11270,11394,0
055,38,11395,11496,0
055,39,11497,11684,3
055,40,11686,11804,1
055,43,12221,12349,1
055,44,12351,12462,2
055,45,12463,12726,1
055,46,12728,12825,0
055,47,12827,13028,0
055,48,13400,13500,4
055,49,13541,13772,0
055,50,8079,8121,2
055,51,9406,9507,3
055,52,12023,12219,3
055,53,406,615,0
055,54,616,846,0
055,55,848,1026,0
055,56,1064,1216,0
055,57,1218,1313,0
055,58,1314,1369,0
055,59,1371,1462,0
055,60,1463,1535,0
055,61,1738,1791,0
055,62,1792,1862,0
055,63,2066,2256,0
055,64,2258,2433,0
055,65,2435,2495,0
055,66,2607,2759,0
055,67,2761,2875,0
055,68,2876,3000,0
055,69,3002,3160,0
055,70,3162,3308,0
055,71,3309,3479,0
055,72,3480,3629,0
055,73,3630,3746,0
055,74,3747,3851,0
055,75,848,1063,0
055,76,3985,4135,0
055,77,4137,4281,0
055,78,4282,4358,0
055,79,4359,4431,0
055,80,4432,4498,0
055,81,4500,4645,1
055,82,4359,4498,0
055,83,4914,5126,0
055,84,3875,3983,0
055,85,5232,5364,0
055,87,5428,5536,0
055,88,5538,5594,0
055,89,5605,5639,0
055,90,5641,5731,0
055,91,5772,5950,0
055,92,5951,6042,0
055,93,14178,14401,0
055,94,6225,6352,0
055,95,5605,5731,0
055,96,6533,6656,0
055,97,2251,2351,0
055,99,2605,2685,0
055,100,2710,2750,0
055,101,2751,2935,0
055,102,2955,3105,0
055,103,3106,3203,0
055,104,14412,14578,0
055,105,5733,5949,0
055,106,3368,3541,0
055,107,3542,3582,0
055,108,3583,3695,0
055,109,3697,3778,0
055,110,3809,3909,0
055,111,13400,13539,4
055,112,4014,4152,0
055,113,4153,4234,0
055,114,4235,4276,0
055,115,17122,17189,0
055,116,6225,6532,0
055,117,4794,4969,0
055,118,4970,5035,0
055,119,5036,5121,0
055,120,5123,5217,0
055,121,7032,7273,0
055,122,5304,5453,0
055,123,5454,5641,0
055,124,5643,5865,0
055,125,5867,5991,0
055,126,5993,6048,0
055,127,6050,6237,0
055,128,6239,6315,0
055,129,6359,6464,0
055,130,6466,6540,0
055,131,6542,6638,0
055,132,6640,6808,0
055,133,6810,6958,0
055,134,8853,8960,0
055,135,8962,9152,0
055,136,9154,9298,0
055,137,9300,9419,0
055,138,9420,9529,0
055,139,9530,9573,0
055,140,9575,9733,0
055,141,9734,9952,0
055,142,9954,10081,0
055,143,10083,10281,0
055,144,10283,10463,0
055,145,10563,10602,0
055,146,10603,10800,0
055,147,10801,10957,0
055,148,10958,11122,0
055,149,11140,11248,0
148,1,221,361,2
148,2,362,540,2
148,3,541,680,2
148,4,683,819,2
148,5,820,1029,3
148,8,1049,1166,2
148,9,1167,1321,2
148,10,1342,1461,2
148,11,1462,1568,1
148,12,1569,1669,1
148,13,1671,1762,1
148,14,1766,1853,1
148,15,1854,1964,2
148,16,1965,2012,0
148,17,2014,2351,4
148,18,2352,2475,1
148,19,2476,2692,3
148,20,2695,2875,3
148,21,2876,2959,1
148,22,2960,3033,1
148,23,3034,3198,2
148,24,3199,3344,2
148,25,3345,3527,2
148,26,3528,3662,2
148,27,3663,3844,3
148,28,3663,3844,3
148,29,2165,2258,0
148,30,1883,2054,0
148,31,2055,2163,0
148,32,2260,2401,0
148,33,2402,2473,0
148,34,2474,2674,0
148,36,2746,2955,0
148,37,2956,3095,0
148,38,5060,5209,0
148,39,5210,5365,0
148,40,5878,6100,0
148,41,6976,7033,0
148,42,7035,7205,0
148,43,7206,7403,0
148,44,7404,7653,0
148,45,7655,7758,0
148,46,7759,7985,0
148,47,6153,6273,3
148,48,-1,-1,-1
148,49,-1,-1,-1
148,50,-1,-1,-1
148,51,6668,6732,2
148,52,6741,6820,2
148,53,6821,6944,2
148,54,-1,-1,-1
148,55,-1,-1,-1
148,56,-1,-1,-1
148,57,7355,7424,1
148,58,7433,7521,2
148,59,7530,7657,2
148,60,7530,7657,2
148,61,7658,7809,1
148,62,7810,7975,3
148,63,7819,8048,160
148,64,8057,8164,2
148,65,-1,-1,-1
148,66,8282,8351,1
148,67,8352,8475,2
148,68,6825,7008,0
148,69,7009,7193,0
148,70,7194,7313,0
148,71,7314,7422,0
148,72,7423,7492,0
148,73,7494,7673,0
148,74,7674,7738,0
148,75,7739,7841,0
148,76,7843,7958,0
148,78,8036,8222,0
148,79,8223,8366,0
148,80,8368,8551,0
148,81,8552,8719,0
148,82,8552,8719,0
148,83,9508,9625,0
148,84,9626,9738,0
148,85,9739,9846,0
148,86,9967,10025,0
148,87,10026,10221,0
148,88,10026,10221,0
148,89,10305,10512,0
148,90,10514,10684,0
148,91,11236,11343,0
148,92,11344,11395,0
148,93,11446,11565,0
148,94,11566,11739,0
148,95,11740,11921,0
148,96,11923,12002,0
148,97,12681,12809,0
148,98,14705,14845,0
148,99,14846,15018,0
148,100,15019,15077,0
148,101,15078,15187,0
148,102,15188,15335,0
148,103,15336,15508,0
148,104,15509,15582,0
148,105,15584,15643,0
148,106,16418,16499,0
148,107,-1,-1,-1
148,108,16564,16708,0
148,109,16709,16908,0
148,110,16909,17088,0
148,111,17235,17517,0
148,112,17518,17675,0
148,113,17676,17864,0
148,116,967,1088,0
148,117,1089,1333,0
148,118,1583,1631,0
148,119,1632,1790,0
148,120,1791,1885,0
148,121,1885,2165,0
148,122,2166,2300,0
148,123,-1,-1,-1
148,124,-1,-1,-1
148,125,-1,-1,-1
148,126,3529,3803,1
148,127,3957,4388,5
148,128,4391,4550,0
148,129,4550,4719,0
148,130,6207,6354,0
148,131,6355,6496,0
148,132,8048,8239,0
148,133,8242,8506,3
148,134,8509,8627,0
148,135,8628,8715,0
148,136,8963,9116,0
148,137,9117,9188,0
148,138,9189,9308,0
148,139,9309,9368,0
148,140,9788,9980,0
148,141,9788,9980,0
148,142,9983,10142,0
148,143,10143,10223,0
148,144,10908,11021,0
148,145,11022,11104,0
148,146,11166,11246,0
148,147,11247,11349,0
148,148,11350,11457,0
148,149,11558,11652,0
148,150,11653,11743,0
148,151,11746,11916,0
148,152,11917,12057,0
138,1,1101,1242,0
138,2,1243,1376,0
138,3,1377,1421,0
138,4,1467,1554,0
138,5,1555,1680,0
138,6,4811,4976,0
138,7,4977,5167,0
138,8,5168,5228,0
138,9,5229,5368,0
138,10,5369,5450,0
138,11,3328,3400,0
138,12,3401,3506,0
138,13,3671,3812,0
138,14,3813,3899,0
138,15,6627,6829,0
138,16,7941,8025,0
138,17,8026,8089,0
138,18,8090,8205,0
138,19,8206,8314,0
138,20,8318,8405,0
138,21,8406,8487,0
138,22,8546,8646,0
138,23,8647,8744,0
138,24,8745,8809,0
138,25,8810,8885,0
138,26,8886,8953,0
138,27,8955,9169,0
138,28,9170,9229,0
138,29,9233,9479,0
138,30,9480,9683,0
138,31,9684,9805,0
138,32,9809,9878,0
138,33,10175,10244,0
138,34,10245,10301,0
138,35,10302,10397,0
138,36,10398,10459,0
138,37,10460,10560,0
138,38,10561,10676,0
138,39,10678,10813,0
138,40,10814,10934,0
138,41,10935,10968,0
138,42,10969,11082,0
138,43,11086,11182,0
138,44,11183,11357,0
138,45,11358,11506,0
138,46,11510,11706,0
138,47,11707,11823,0
138,48,12099,12172,0
138,49,12176,12285,0
138,50,12286,12352,0
138,51,12353,12451,0
138,52,12495,12560,0
138,53,12561,12709,0
138,54,12710,12801,0
138,55,12818,12880,0
138,56,12881,13050,0
138,57,13051,13178,0
138,58,13179,13273,0
138,59,13277,13333,0
138,60,13334,13474,0
138,61,13475,13596,0
138,62,13597,13724,0
138,63,13745,13813,0
138,64,13814,13913,0
138,65,13914,13993,0
138,66,13994,14066,0
138,67,14067,14146,0
138,68,13522,13706,0
138,69,13707,14044,0
138,70,14047,14200,0
138,71,14201,14430,0
138,72,14460,14517,0
138,73,14518,14670,1
138,74,14671,14792,0
138,75,14793,14824,0
138,76,14827,15068,0
138,77,15069,15155,0
138,78,6224,6414,2
138,79,6415,6476,0
138,80,6477,6629,0
138,81,6631,6836,0
138,82,6837,7028,0
138,83,7030,7081,0
138,84,7136,7219,2
138,85,7221,7343,1
138,86,7385,7516,0
138,87,7555,7694,0
138,88,7695,7780,0
138,89,7781,7934,0
138,90,7944,8235,1
138,91,8236,8403,0
138,92,8404,8525,0
138,93,8543,8718,1
138,94,8719,8791,0
138,95,8792,8841,1
138,96,8846,8909,0
138,97,8967,9189,0
138,98,5365,5436,0
138,99,5437,5544,0
138,100,5545,5648,0
138,101,5650,5773,0
138,102,5774,5900,1
138,103,14825,14936,0
138,104,14937,15011,0
138,105,15012,15156,0
138,106,15158,15302,1
138,107,15303,15454,0
138,108,15455,15561,0
138,109,17004,17145,0
138,110,17146,17471,0
138,111,17643,17842,0
138,112,18198,18341,0
138,113,18342,18569,0
138,114,18669,18932,0
138,115,6359,6659,1
138,116,6814,6919,1
138,117,7121,7340,0
138,118,7926,8131,0
138,119,8803,9027,1
138,120,9028,9139,0
138,121,9140,9304,0
138,122,9305,9519,1
138,123,9694,9837,0
138,124,10738,10849,0
138,125,10911,10954,0
138,126,10955,11054,0
138,127,9520,9610,0
138,128,13091,13172,0
138,129,13173,13227,0
138,130,13228,13406,0
138,131,13407,13530,0
138,132,13532,13660,0
138,133,13661,13830,0
138,134,13831,13925,1
138,135,15158,15299,0
246,1,2799,3138,15
246,2,3159,3447,16
246,3,3448,3687,16
246,4,3694,3765,5
246,5,3766,4004,10
246,6,4011,4154,5
246,7,4160,4225,0
246,8,4231,4303,0
246,9,4309,4420,5
246,10,4427,4484,0
246,11,4485,4918,26
246,12,4924,5165,10
246,13,1214,1401,3
246,14,-1,-1,-1
246,15,-1,-1,-1
246,16,1862,2070,2
246,17,10803,11003,2
246,18,11004,11205,2
246,19,11284,11544,2
246,20,11545,11671,0
246,21,11672,11823,2
246,22,11824,11867,0
246,23,11868,11991,2
246,24,11992,12048,0
246,25,12289,12386,1
246,26,-1,-1,-1
246,27,12901,12993,13
246,28,12995,13109,0
246,29,13111,13321,1
246,30,13323,13434,0
246,31,13436,13567,2
246,32,13569,13719,0
246,33,13720,13818,3
246,34,13819,13890,2
246,35,13891,13990,0
246,36,13991,14065,0
246,37,14066,14127,1
246,38,14128,14286,0
246,39,14287,14388,0
246,40,14389,14480,3
246,41,14481,14536,1
246,42,14538,14724,1
246,43,14725,14793,0
246,44,-1,-1,-1
246,45,14919,15055,0
246,46,15057,15171,1
246,47,15173,15272,3
246,48,15274,15410,1
246,49,15411,15489,0
246,50,15490,15620,0
246,51,15621,15726,0
246,52,15728,15869,2
246,53,15870,15936,1
246,54,-1,-1,-1
246,55,16450,16594,1
246,56,16596,16642,0
246,57,16644,16802,2
246,58,16804,16935,2
246,59,16937,17077,1
246,60,17122,17304,1
246,61,-1,-1,-1
246,62,17517,17725,1
246,63,17726,17824,0
246,64,17825,17885,1
246,65,-1,-1,-1
246,66,18160,18301,3
246,67,18380,18484,0
246,68,18485,18544,0
246,69,18545,18710,11
246,70,18711,18816,0
246,71,18982,19117,1
246,72,19118,19170,0
246,73,-1,-1,-1
246,74,19304,19377,0
246,75,19422,19473,2
246,76,19474,19548,0
246,77,19549,19603,0
246,78,19604,19687,0
246,79,-1,-1,-1
246,80,19938,20029,1
246,81,20030,20128,1
246,82,20129,20238,0
246,83,20240,20295,3
246,84,20297,20383,2
246,85,20385,20537,1
246,86,20538,20640,0
246,87,20642,20792,1
246,88,20794,20953,1
246,89,20955,21058,4
246,90,21059,21109,1
246,91,21110,21218,0
246,92,21220,21462,2
246,93,21463,21664,0
246,94,21666,21831,3
246,95,4294,4355,0
246,96,4356,4442,0
246,97,4443,4529,0
246,98,4530,4637,0
246,99,4639,4706,0
246,100,4707,4867,0
246,101,4868,5027,0
246,102,5029,5192,0
246,103,5193,5302,0
246,104,5303,5450,0
246,105,3839,3974,0
246,106,3975,4043,0
246,107,4044,4087,0
246,108,4088,4292,0
246,109,5170,5214,0
246,110,5215,5355,0
246,111,5356,5570,0
246,112,5574,5645,0
246,113,5646,5802,0
246,114,5351,5724,0
246,115,5725,5842,0
246,116,5843,6121,0
246,117,6122,6194,0
246,118,6235,6442,0
246,119,6443,6524,0
246,120,6525,6778,0
246,121,6779,6992,0
246,122,6994,7230,0
246,123,8269,8411,0
246,124,8412,8514,0
246,125,8515,8601,0
246,126,8602,8786,0
246,127,8787,8968,0
246,128,9007,9154,0
246,129,9155,9241,0
246,130,9242,9378,0
246,131,9449,9568,0
246,132,9570,9705,0
246,133,9706,9757,0
246,134,9931,10053,0
246,135,10055,10377,0
246,136,10378,10553,0
246,137,10554,10626,0
