126,1,1713,1913,0
126,3,1106,1207,0
126,4,1208,1354,0
126,5,1355,1477,0
126,6,1479,1674,0
126,7,1676,1785,0
126,8,1786,2036,0
126,9,2037,2105,0
126,10,2106,2187,0
126,11,2188,2301,0
126,12,2303,2472,0
126,13,2473,2533,0
126,14,2534,2637,0
126,15,2638,2710,0
126,16,2711,2800,0
126,17,2801,2942,0
126,18,2943,3101,0
126,19,3102,3198,0
126,20,3199,3263,0
126,21,3264,3391,0
126,22,3392,3472,0
126,23,3474,3589,0
126,23,3590,3716,0
126,24,3717,3797,0
126,25,1915,2083,0
126,26,2084,2142,0
126,27,902,1071,6
126,29,212,380,5
126,30,633,732,0
126,30,733,931,3
126,32,9026,9119,0
126,33,9186,9378,0
126,34,9379,9445,0
126,35,9447,9633,0
126,36,9635,9728,0
126,38,465,718,3
126,39,719,854,0
126,40,855,1148,0
126,42,2144,2307,0
126,43,2308,2440,0
126,44,2442,2536,0
126,44,2537,2587,0
126,45,2588,2614,0
126,46,2615,2710,0
126,47,2712,2774,0
126,48,2775,2830,0
126,49,2831,3039,0
126,50,3102,3195,0
126,51,3271,3314,0
126,52,3315,3396,0
126,53,3397,3438,0
126,54,3584,3629,10
126,55,3620,3786,0
126,56,3787,4007,0
126,57,4008,4371,0
126,58,4372,4672,0
126,59,4673,4737,0
126,59,4738,4901,0
126,60,4902,4949,0
126,61,5000,5238,0
126,62,5239,5431,0
126,63,5432,5645,0
126,64,5646,5796,0
126,65,5797,6030,0
126,66,6031,6171,0
126,66,6172,6259,0
126,67,6265,6432,0
126,68,6433,6618,1
126,69,6619,6779,0
126,70,6784,6971,0
126,70,6972,7147,0
126,71,7148,7157,0
126,71,7158,7307,0
126,74,7857,8014,0
126,75,8015,8177,1
126,77,8187,8261,0
126,78,8262,8350,0
126,78,8351,8483,0
126,79,8484,8674,0
126,80,8675,8864,0
126,81,8865,9011,0
126,83,9016,9035,0
126,83,9036,9355,0
126,84,9356,9512,0
126,85,9513,9816,0
126,86,9821,10025,0
126,87,10026,10204,0
126,90,10339,10424,0
126,91,10425,10519,0
126,91,10520,10738,0
126,92,10739,11019,1
126,93,11020,11173,0
126,94,11174,11306,0
126,95,11456,11560,0
126,96,11561,11702,0
126,97,11703,11800,0
126,97,11801,11846,0
126,98,11847,11953,0
126,99,12098,12399,0
126,100,12400,12602,0
126,101,12603,12682,0
126,104,13123,13354,0
126,105,13355,13476,0
126,106,13477,13603,0
126,107,13613,13772,0
126,108,13773,13826,0
126,108,13827,13943,0
126,115,14220,14236,0
126,115,14237,14267,0
126,115,14268,14287,0
126,115,14288,14383,0
126,116,14387,14452,0
126,116,14453,14480,0
126,117,14481,14553,0
126,118,14554,14662,0
126,119,14663,14747,0
126,120,14749,14781,0
126,120,14782,14942,0
126,120,14943,15013,0
126,121,15015,15098,0
126,127,16260,16341,0
126,128,16342,16497,0
126,129,16499,16562,0
126,132,16748,16965,0
126,133,16981,17131,0
126,134,17154,17208,0
126,135,17209,17330,0
126,137,17332,17400,0
126,138,17401,17516,0
126,139,17517,17549,0
126,139,17550,17674,0
126,144,17676,17721,0
126,148,18273,18391,0
126,149,11911,12074,8
126,150,12076,12210,8
126,150,12211,12429,12
126,151,12430,12537,5
126,152,12538,12616,4
126,153,12618,12917,15
126,154,34732,34941,24
126,155,34943,34999,0
126,156,35231,35360,0
126,157,35615,35812,1
110,3,1894,2093,0
110,4,2094,2281,0
110,5,2282,2371,0
110,5,2372,2491,0
110,6,2324,2448,0
110,7,2449,2573,0
110,8,2972,3032,0
110,8,3033,3078,0
110,9,2493,2610,0
110,10,2611,2816,0
110,11,2817,2914,0
110,12,7073,7233,0
110,13,278,356,0
110,14,357,584,0
110,15,585,784,0
110,16,786,1065,0
110,17,1066,1203,0
110,18,1204,1383,0
110,19,1384,1510,0
110,22,1512,1632,0
110,23,1633,1759,0
110,24,1760,1887,0
110,25,1888,1959,0
110,26,1962,2111,0
110,27,2113,2172,0
110,28,2173,2230,0
110,29,2233,2282,0
110,29,2283,2295,0
110,29,2296,2314,0
110,29,2315,2336,0
110,29,2337,2360,0
110,30,2362,2447,0
110,30,2448,2473,0
110,31,2474,2486,0
110,31,2487,2507,0
110,31,2508,2526,0
110,31,2527,2546,0
110,31,2547,2593,0
110,31,2594,2628,0
110,32,2629,2684,0
110,33,2686,2821,0
110,34,2823,3100,0
110,35,3101,3227,0
110,36,3228,3449,0
110,37,3451,3671,0
110,38,3674,3816,0
110,39,3817,3899,0
110,40,4127,4260,0
110,41,4261,4297,0
110,42,4770,4916,0
110,43,4917,4996,0
110,44,4997,5197,0
110,45,5198,5294,0
110,46,5295,5447,0
110,47,469,686,0
110,48,3070,3222,2
110,49,688,866,0
110,50,867,995,0
110,51,996,1208,0
110,52,1209,1358,1
110,53,3448,3644,2
110,55,3830,4013,2
110,57,4014,4178,2
110,58,4179,4256,1
110,62,4307,4405,1
110,63,4406,4581,2
110,66,5134,5199,0
110,67,5200,5342,2
110,69,5403,5482,0
110,71,5484,5583,1
110,72,5630,5713,1
110,73,5714,5908,2
110,75,5945,6021,0
110,75,6023,6133,1
110,76,6134,6225,1
110,79,6270,6392,1
110,80,6393,6500,1
110,81,6653,6817,2
110,82,6818,7010,3
110,86,7058,7162,1
110,87,7163,7250,1
110,88,7251,7382,2
110,89,2307,2511,0
110,90,6739,6870,0
110,91,7193,7309,0
110,92,33,140,0
110,93,141,339,0
110,94,342,446,0
110,95,447,509,0
110,95,510,571,0
110,96,572,694,1
110,96,109,110,0
110,97,695,850,1
110,97,851,903,0
110,98,906,1039,0
110,98,1040,1114,0
110,99,1115,1311,0
110,100,1312,1450,0
110,101,1451,1627,0
110,102,1628,1706,0
110,103,1707,1866,0
110,104,1867,1953,0
110,105,3420,3579,0
110,106,3580,3755,0
110,107,3756,3831,0
110,108,3832,4082,0
110,109,1065,1179,1
110,110,1181,1419,0
110,111,1420,1720,0
110,112,4084,4227,0
110,113,13157,13236,0
110,114,21039,21110,0
110,114,21111,21274,0
110,115,21276,21485,0
110,116,21486,21595,0
110,117,22068,22181,0
110,118,22416,22553,0
110,119,22554,22642,0
110,120,24375,24507,0
110,121,24508,24654,0
110,122,25107,25237,0
110,123,25238,25381,0
110,124,25747,25872,0
110,125,25874,25945,0
110,126,52396,52464,0
110,127,52465,52552,0
110,128,52553,52733,0
110,129,52997,53118,0
110,130,53119,53310,2
110,131,53311,53442,0
110,132,53443,53633,0
110,133,53634,53787,0
110,134,53788,53980,0
110,135,53981,54249,2
110,136,54901,55040,0
042,1,2443,2595,0
042,2,2800,2893,0
042,3,2894,3042,0
042,4,1578,1738,0
042,5,1578,1738,0
042,6,1739,1781,0
042,6,1782,1820,0
042,7,3682,3899,0
042,9,3900,4005,0
042,11,4034,4141,0
042,12,4142,4214,0
042,12,4215,4253,0
042,13,4254,4321,0
042,14,4322,4385,0
042,15,4386,4536,0
042,16,4386,4536,0
042,17,4537,4646,0
042,18,4647,4778,0
042,19,4779,4858,0
042,19,4859,4945,0
042,20,11396,11485,0
042,20,11486,11562,0
042,21,11563,11744,0
042,22,11745,11860,0
042,23,11861,12003,0
042,24,12005,12157,0
042,25,12158,12394,0
042,26,12395,12555,0
042,27,12556,12748,0
042,28,12749,12855,0
042,29,12856,13031,0
042,30,13032,13175,0
042,31,13176,13284,0
042,32,13285,13348,0
042,33,13756,14000,0
042,34,7014,7219,0
042,35,7487,7593,0
042,36,7594,7834,0
042,37,7835,7955,0
042,38,7956,8100,0
042,40,7221,7480,43
042,41,7481,7613,0
042,42,7614,7792,0
042,43,8407,8617,0
042,44,8618,8840,0
042,46,5914,6014,0
042,46,6015,6168,0
042,47,6169,6331,0
042,49,6394,6677,0
042,50,6678,6842,0
042,51,6843,6900,0
042,52,6902,7013,0
042,54,14921,14980,0
042,55,14981,15150,0
042,56,15153,15318,0
042,57,15319,15360,0
042,57,15361,15436,0
042,58,15437,15674,0
042,59,15675,15796,0
042,60,15797,15897,0
042,62,4322,4379,0
042,63,4380,4464,0
042,64,4465,4610,0
042,65,4611,4690,0
042,66,4691,4723,0
042,66,4724,4830,0
042,67,4831,4966,0
042,68,17262,17408,0
042,69,17409,17460,0
042,69,17461,17574,0
042,70,17577,17721,0
042,72,17840,17962,0
042,73,17963,18021,0
042,73,18022,18087,0
042,73,18088,18118,0
042,74,18119,18289,0
042,75,18119,18289,0
042,76,18290,18424,0
042,77,18427,18524,0
042,78,18527,18629,0
042,79,18632,18659,0
042,79,18660,18722,0
042,79,18723,18821,1
042,80,18822,18967,0
042,81,18968,19015,0
042,82,19018,19093,0
042,82,19094,19179,0
042,83,19180,19348,0
042,84,19349,19406,0
042,85,19407,19472,0
042,86,19473,19577,0
042,87,19578,19662,0
042,88,19663,19776,0
042,89,19779,19941,0
042,90,6779,6868,1
042,91,6869,6977,0
042,92,6978,7091,0
042,93,7183,7259,0
042,94,7260,7342,0
042,95,7343,7486,0
042,96,7487,7558,0
042,97,7559,7711,1
042,98,7712,7824,0
042,100,7825,7918,0
042,101,7920,8067,0
042,102,8068,8251,0
042,103,8252,8391,0
042,104,8392,8560,1
042,105,8562,8753,1
042,106,9384,9576,0
042,107,9577,9684,0
042,109,9842,9905,0
042,110,9906,9976,0
042,112,10154,10206,0
042,112,10207,10465,0
042,113,10466,10635,0
042,114,10687,10936,0
042,115,10939,11056,0
042,115,11057,11168,0
042,116,11057,11168,0
042,121,28363,28497,0
042,122,28848,28942,0
042,123,28943,29151,0
042,124,28943,29151,0
042,125,29152,29290,0
042,126,29292,29359,0
042,126,29360,29425,0
042,127,29426,29571,0
042,128,29572,29686,0
042,129,29687,29809,0
042,130,29810,29989,0
042,131,29991,30273,0
042,132,30275,30447,0
042,133,30448,30541,0
042,134,30543,30663,0
042,135,30664,30772,0
042,136,30773,30988,0
042,137,30989,31138,0
042,138,31139,31250,0
042,139,31251,31398,0
042,141,31513,31805,0
042,142,31807,31930,0
042,143,31931,32067,0
042,144,32069,32218,0
042,145,32219,32332,0
042,146,32333,32420,0
042,147,32421,32582,0
042,148,32584,32883,0
042,149,32884,32979,0
042,149,32980,33085,0
042,150,33086,33305,0
042,151,33307,33399,0
042,153,33400,33507,0
105,2,419,478,2
105,3,676,789,4
105,4,790,900,2
105,5,901,976,2
105,7,977,1106,4
105,8,1112,1194,2
105,9,1602,1649,0
105,12,1650,1684,2
105,16,1685,1801,2
105,17,1802,1876,2
105,18,1877,1975,4
105,19,2132,2186,2
105,20,2572,2704,0
105,21,2187,2254,2
105,22,2255,2335,2
105,23,2336,2429,2
105,24,2430,2468,2
105,26,8860,8902,0
105,27,8903,8958,0
105,32,2609,2648,0
105,33,2649,2772,4
105,34,2773,2896,2
105,35,2899,2983,2
105,36,3728,3844,2
105,37,3845,3857,0
105,37,3858,3932,2
105,38,4934,5045,2
105,39,4267,4347,0
105,40,4350,4430,0
105,41,4431,4534,0
105,42,5046,5134,2
105,43,5135,5206,2
105,44,5207,5324,4
105,45,5330,5430,2
105,46,4537,4625,0
105,47,4884,4975,0
105,48,4976,5020,0
105,49,5021,5128,0
105,50,5129,5236,0
105,51,5237,5359,0
105,52,5622,5747,2
105,53,17459,17560,2
105,54,17561,17622,1
105,55,17623,17663,0
105,56,17665,17760,1
105,57,17761,17815,1
105,58,18107,18141,0
105,58,18142,18192,1
105,60,735,849,1
105,61,2169,2214,0
105,62,850,930,1
105,62,932,965,0
105,63,2215,2337,0
105,64,2338,2478,0
105,65,2480,2570,0
105,66,2571,2747,0
105,67,2748,2846,0
105,68,2848,2954,0
105,69,2492,2579,0
105,70,2710,2779,0
105,71,2780,2854,0
105,72,3270,3305,0
105,72,3306,3357,0
105,73,1495,1626,0
105,74,3358,3452,0
105,75,3454,3599,0
105,76,2931,3004,0
105,77,3067,3168,0
105,78,3169,3207,0
105,79,3208,3305,0
105,80,3308,3347,0
105,82,3737,3810,0
105,83,3811,3915,0
105,84,3916,3982,0
105,85,3983,4081,0
105,86,4082,4173,0
105,87,3742,3884,0
105,88,3885,3966,0
105,89,3166,3196,0
105,89,3197,3251,0
105,90,3252,3299,0
105,90,3300,3410,0
105,91,3411,3490,0
105,100,1752,1837,0
105,101,4466,4565,0
105,102,4566,4658,0
105,103,3735,3817,0
105,104,3818,3906,0
105,105,3492,3566,0
105,105,3567,3632,0
105,106,4153,4171,0
105,106,4172,4193,0
105,106,4194,4276,0
105,107,6718,6855,0
105,108,3072,3164,0
105,109,6856,6979,0
105,110,2686,2788,0
105,110,2789,2847,0
105,111,7300,7405,0
105,112,8328,8385,0
105,113,4278,4365,0
105,114,2338,2419,0
105,115,2420,2509,0
105,115,2510,2559,0
105,116,4367,4395,0
105,117,2608,2665,0
105,118,783,833,0
105,118,834,910,0
105,119,5362,5450,0
105,119,5451,5511,0
105,120,7736,7822,0
105,120,7823,7887,0
105,121,8167,8334,0
105,122,8335,8378,0
105,122,8379,8432,0
105,123,7390,7456,0
105,123,7457,7525,0
105,124,7192,7289,0
105,124,7290,7387,0
105,125,7036,7191,0
105,126,6990,7035,0
105,127,6405,6460,0
105,128,1239,1358,0
105,129,1359,1519,0
105,130,1522,1658,0
105,131,1659,1788,0
105,132,1789,1900,0
105,133,1903,1976,0
105,134,1977,2138,0
111,2,239,280,0
111,3,281,361,0
111,4,2311,2632,0
111,5,2633,2752,0
111,6,2825,3072,0
111,7,3073,3277,0
111,8,3278,3341,0
111,9,3343,3498,0
111,10,3891,4102,1
111,11,4104,4238,0
111,12,4240,4273,0
111,12,4274,4362,0
111,13,897,1046,0
111,14,1047,1197,0
111,15,1198,1376,0
111,16,1377,1526,0
111,17,1528,1680,0
111,18,1682,1740,0
111,18,1741,1757,0
111,18,1758,1844,0
111,19,1845,2040,0
111,20,2042,2235,0
111,21,2237,2303,0
111,22,2304,2462,0
111,23,2464,2580,0
111,24,2582,2625,0
111,24,2626,2814,0
111,25,2816,2997,0
111,26,2999,3248,0
111,27,3249,3467,0
111,28,3469,3666,0
111,29,3668,3942,0
111,30,3944,4051,0
111,31,4052,4134,0
111,31,4135,4213,0
111,32,4215,4312,0
111,33,4313,4547,0
111,39,4548,4692,0
111,40,4694,4826,0
111,41,4827,4989,0
111,42,4990,5026,0
111,42,5027,5090,0
111,42,5091,5179,0
111,43,5181,5323,1
111,44,5324,5457,0
111,45,5459,5669,0
111,46,5670,5843,0
111,47,5844,6087,0
111,48,6089,6186,0
111,48,6187,6271,0
111,48,6272,6354,0
111,49,6355,6423,0
111,50,6424,6507,0
111,51,6508,6660,0
111,52,6661,6784,0
111,53,6786,6905,0
111,54,6906,6996,0
111,55,6997,7081,0
111,56,7082,7217,0
111,57,7218,7417,0
111,58,7418,7481,0
111,58,7482,7634,0
111,59,7636,7745,0
111,59,7746,7807,0
111,60,8033,8102,0
111,61,8104,8211,0
111,62,8212,8478,0
111,63,8480,8638,0
111,63,8639,8714,0
111,64,8715,8835,0
111,65,8836,8900,0
111,65,8901,8947,0
111,66,8949,9090,0
111,67,9091,9152,0
111,67,9153,9259,0
111,68,9260,9374,0
111,79,2602,2744,0
111,80,2745,2795,0
111,81,2796,2838,0
111,81,2839,2961,0
111,82,2964,3041,0
111,85,3277,3334,0
111,85,3335,3355,0
111,86,3356,3471,0
111,87,3472,3567,0
111,88,3570,3681,0
111,89,3682,3843,0
111,90,3844,3942,0
111,91,3943,4047,0
111,92,4048,4175,0
111,93,4176,4333,0
111,94,4334,4504,0
111,95,362,484,0
111,97,485,593,0
111,98,594,686,0
111,99,687,779,0
111,100,784,924,0
111,101,925,1005,0
111,102,1006,1049,0
111,107,1050,1131,0
111,108,1136,1253,0
111,113,1254,1301,0
111,114,1302,1440,0
111,115,1445,1558,0
111,116,1563,1662,0
111,117,1755,1826,0
111,117,1827,1875,0
111,117,1876,1891,0
111,118,1823,1826,0
111,118,1897,2019,0
111,119,2021,2074,0
111,120,2075,2178,0
111,121,2409,2543,0
111,122,2545,2627,0
111,122,2628,2716,0
111,123,2718,2779,0
111,124,2780,2923,0
111,125,2968,3171,0
111,126,3173,3327,0
111,127,3329,3354,0
111,127,3355,3379,0
111,128,3380,3456,0
111,129,3461,3594,0
111,130,3595,3661,0
111,130,3662,3720,0
111,131,213,365,0
111,132,366,461,0
111,133,462,710,0
111,134,712,974,0
111,135,1124,1236,0
111,136,1237,1307,0
111,139,18172,18266,0
111,140,18267,18356,0
111,141,18357,18440,0
111,142,18441,18522,0
111,143,18524,18645,0
111,144,18646,18766,0
111,145,18767,18935,0
111,146,17462,17628,0
111,147,17824,17946,0
008,3,279,423,1
008,4,737,859,0
008,5,737,859,0
008,7,550,753,0
008,8,754,896,0
008,9,425,698,0
008,10,700,737,0
008,11,738,918,0
008,12,919,1010,0
008,12,1011,1024,0
008,12,1025,1145,0
008,13,1146,1229,0
008,14,1230,1369,0
008,15,1370,1455,0
008,16,897,950,0
008,17,1457,1543,0
008,18,1544,1654,0
008,19,1655,1811,0
008,19,1812,2017,0
008,20,2019,2086,0
008,21,2087,2182,0
008,22,2183,2265,0
008,22,2266,2349,0
008,23,3055,3219,0
008,24,3055,3219,0
008,25,3962,4100,0
008,26,4101,4143,0
008,26,4146,4204,0
008,27,4205,4397,0
008,28,4398,4714,1
008,29,4398,4714,1
008,30,4942,5151,0
008,31,5153,5311,0
008,34,5459,5547,0
008,35,5548,5860,0
008,36,5863,5937,0
008,37,5940,6107,0
008,38,6109,6315,0
008,39,6316,6429,0
008,39,6430,6481,0
008,41,6484,6582,0
008,42,6585,6683,0
008,43,6685,6755,0
008,44,11184,11274,0
008,44,11275,11396,0
008,45,11397,11457,0
008,46,11458,11553,0
008,47,1954,2045,0
008,49,1248,1299,0
008,49,1300,1608,0
008,50,1248,1299,0
008,50,1300,1608,0
008,51,1738,1907,0
008,52,1908,1985,0
008,53,2109,2220,0
008,54,2221,2409,0
008,54,2412,2531,6
008,55,2221,2409,0
008,55,2412,2531,6
008,56,820,996,0
008,56,997,1200,0
008,57,1201,1323,0
008,58,1324,1384,0
008,59,1385,1493,0
008,60,1526,1612,0
008,61,1613,1781,0
008,63,2556,2597,0
008,64,2598,2746,0
008,65,2747,2855,0
008,66,2857,3054,0
008,67,2857,3054,0
008,68,3055,3118,0
008,69,3119,3286,0
008,70,3309,3385,0
008,71,3386,3587,0
008,72,3386,3587,0
008,73,3588,3688,0
008,74,3689,3879,0
008,75,3880,4065,0
008,76,4066,4156,0
008,80,243,381,0
008,81,383,459,0
008,82,460,634,0
008,83,635,709,0
008,83,710,915,0
008,84,916,1136,0
008,85,1138,1261,0
008,86,1262,1319,0
008,86,1320,1476,0
008,87,1477,1629,0
008,88,1630,1756,0
008,89,1758,2032,0
008,90,2033,2108,0
008,91,2109,2351,0
008,92,2450,2639,0
008,93,2641,2803,0
008,94,2805,2906,0
008,95,2907,3105,0
008,96,3107,3180,0
008,97,3181,3283,0
008,98,3284,3447,0
008,99,3449,3540,0
008,99,3541,3604,0
008,99,3605,3614,0
008,100,3670,3908,0
008,101,3909,3995,0
008,102,3996,4225,0
008,103,4226,4297,0
008,104,4298,4435,0
008,105,4437,4590,0
008,106,6499,6630,1
008,110,536,694,0
008,107,536,694,0
008,108,695,841,0
008,109,842,939,0
008,110,940,977,0
008,111,979,1007,0
008,112,1008,1067,0
008,113,1068,1146,0
008,114,1147,1220,0
008,115,1706,1765,0
008,116,1766,1863,0
008,117,1864,1926,0
008,118,1927,1971,0
008,118,1972,2047,0
008,119,2048,2125,0
008,120,2126,2172,0
008,121,-1,-1,-1
008,122,174,325,0
008,123,326,468,0
008,124,469,645,0
008,125,646,684,0
008,126,685,773,0
008,127,774,887,1
008,132,1036,1453,0
008,128,1036,1453,0
008,129,1457,1583,0
008,130,1750,1843,0
008,131,3025,3085,0
008,132,3086,3126,0
008,133,3127,3206,0
008,134,19225,19241,0
008,135,19242,19300,0
008,136,19301,19351,0
008,137,19352,19458,0
008,138,19459,19539,0
008,139,19540,19613,0
008,140,19923,20050,0
008,141,20111,20200,0
008,142,20201,20255,0
008,143,20461,20521,0
008,143,20522,20538,0
008,145,20539,20629,0
008,146,20724,20819,0
102,1,2096,2247,0
102,2,2252,2364,0
102,3,2365,2469,0
102,4,2470,2506,0
102,4,2507,2551,0
102,6,2619,2722,0
102,7,2723,2841,0
102,8,2848,2961,0
102,9,2975,3079,0
102,10,3434,3487,0
102,13,1207,1402,107
102,14,1364,1429,0
102,15,1430,1482,0
102,16,1483,1528,0
102,17,1529,1541,0
102,17,1542,1622,0
102,18,3784,3857,0
102,19,3858,3980,0
102,20,4285,4345,0
102,21,4346,4447,0
102,22,4857,4884,0
102,22,4885,4942,0
102,23,1623,1687,0
102,24,1688,1762,0
102,24,1763,1800,0
102,26,5258,5314,0
102,29,8931,9131,0
102,30,9132,9257,0
102,31,9258,9319,0
102,31,9320,9379,0
102,32,9380,9579,0
102,33,9580,9615,0
102,33,9616,9704,0
102,34,10013,10082,0
102,35,10083,10176,0
102,36,10177,10234,0
102,36,10235,10249,0
102,37,10251,10353,0
102,38,10354,10464,0
102,39,10465,10494,0
102,39,10495,10525,0
102,39,10526,10569,0
102,39,10570,10601,0
102,40,6517,6539,0
102,40,6540,6603,0
102,41,4032,4125,0
102,41,4126,4174,0
102,42,4374,4446,0
102,44,5187,5292,0
102,47,6489,6707,0
102,48,6489,6707,0
102,49,6708,6941,0
102,50,2674,2694,0
102,50,2695,2839,0
102,51,13103,13198,0
102,53,13613,13787,0
102,55,3033,3128,0
102,56,3129,3209,0
102,58,3246,3306,0
102,59,3307,3391,0
102,60,3392,3488,0
102,61,3489,3621,0
102,62,17422,17534,0
102,63,17535,17604,0
102,64,17605,17745,0
102,65,17605,17745,0
102,66,17747,17897,0
102,67,17898,17959,0
102,68,17961,18040,0
102,69,18041,18168,0
102,70,18169,18210,0
102,70,18211,18347,0
102,71,18348,18459,0
102,72,18460,18560,0
102,76,19203,19356,0
102,77,19358,19471,0
102,78,19472,19577,0
102,79,19578,19650,0
102,79,19652,19826,0
102,80,20340,20438,0
102,81,20439,20535,0
102,82,20536,20747,0
102,83,20536,20747,0
102,84,20748,20880,0
102,87,21734,21875,0
102,88,21877,22124,0
102,89,21877,22124,0
102,90,22125,22260,0
102,91,22262,22355,0
102,93,22415,22510,0
102,94,22511,22626,0
102,95,22627,22701,0
102,95,22702,22750,0
102,96,22751,22897,0
102,97,22898,22962,0
102,98,22963,23078,0
102,101,3775,3834,0
102,101,3835,3871,0
102,101,3872,3947,0
102,102,3567,3629,0
102,104,4003,4046,0
102,105,4047,4191,0
102,106,4192,4273,0
102,107,4274,4341,0
102,109,14335,14418,0
102,110,14419,14505,0
102,111,14508,14646,0
102,112,4539,4710,0
102,114,14215,14229,0
102,114,14230,14334,0
102,115,14649,14819,0
102,116,14820,14903,0
102,117,14904,15075,0
102,118,15076,15328,0
102,119,15076,15328,0
102,120,15331,15478,0
102,122,15524,15767,0
102,123,15768,15867,0
102,124,15870,15879,0
102,124,15880,16016,0
102,126,16252,16375,0
102,126,16376,16436,0
102,127,16439,16463,0
102,127,16464,16572,0
102,128,16573,16616,0
102,128,16617,16631,0
102,128,16632,16687,0
102,128,16687,16704,0
102,128,8349,8360,0
102,129,16716,16877,0
102,130,16878,16977,0
102,132,17353,17483,0
102,133,17691,17804,0
102,134,17807,17948,0
102,135,18184,18307,0
102,136,18308,18508,0
102,137,18846,18921,0
102,138,37168,37231,0
102,138,37232,37317,0
102,139,37318,37451,0
102,140,37496,37578,0
102,141,38456,38585,0
102,142,38586,38678,0
102,143,38680,38820,0
102,144,38867,38987,0
102,145,38988,39065,0
102,145,39066,39212,0
102,146,39213,39449,0
102,147,4805,4865,0
102,147,4866,4919,0
102,148,4920,5035,0
102,148,5036,5127,0
102,149,4518,4604,0
102,150,5162,5268,0
102,151,4606,4716,0
102,153,5269,5286,0
102,153,5287,5366,0
102,155,4825,4910,0
102,155,5287,5393,0
102,156,5395,5529,0
102,157,6047,6097,0
102,157,6098,6175,0
102,159,6218,6302,0
102,160,6303,6358,0
102,160,6359,6407,0
027,5,420,458,0
027,6,459,488,0
027,7,489,567,2
027,8,420,838,156
027,9,420,838,156
027,10,839,973,2
027,11,976,1043,0
027,11,1366,1578,101
027,12,1201,1339,4
027,13,1340,1458,2
027,14,1459,1578,4
027,15,1581,1652,0
027,16,1653,1882,6
027,17,1653,1882,6
027,18,1883,2072,4
027,19,1227,1285,0
027,19,1286,1320,0
027,20,1321,1411,0
027,21,1098,1276,0
027,22,1277,1367,0
027,23,1368,1562,0
027,24,1563,1654,0
027,24,1769,1830,0
027,25,1831,2053,0
027,26,1831,2053,0
027,27,1412,1467,0
027,28,1468,1597,0
027,29,1598,1685,0
027,30,1686,1772,0
027,31,1863,1928,0
027,32,1929,2057,0
027,33,4197,4494,0
027,34,4495,4566,0
027,35,4567,4666,0
027,36,4667,4766,0
027,37,4767,4883,0
027,39,229,364,0
027,40,366,453,0
027,41,902,957,0
027,42,958,1407,0
027,43,958,1407,0
027,44,1408,1520,0
027,47,511,592,0
027,48,593,782,0
027,49,783,862,0
027,50,700,1004,0
027,51,1007,1336,0
027,51,1337,1409,0
027,52,1007,1336,0
027,52,1337,1409,0
027,53,1412,1564,0
027,54,1565,1773,0
027,54,-1,-1,-1
027,55,223,418,0
027,56,419,597,0
027,57,598,698,0
027,58,699,931,0
027,59,932,1213,0
027,60,932,1213,0
027,61,1214,1626,0
027,62,1214,1626,0
027,63,1627,1779,0
027,64,1781,2012,0
027,65,2013,2042,0
027,65,2043,2118,0
027,66,2119,2320,0
027,67,2906,3178,0
027,68,3179,3299,0
027,69,3300,3548,0
027,69,3549,3755,0
027,70,3756,3908,0
027,72,3910,3984,0
027,73,3985,4166,0
027,74,4167,4457,0
027,76,1944,2024,0
027,77,2025,2106,0
027,77,2107,2142,0
027,78,2143,2219,0
027,78,2220,2400,0
027,79,2401,2489,0
027,80,2490,2738,0
027,81,2739,2858,0
027,82,2859,2982,0
027,83,2983,3079,0
027,84,3080,3180,0
027,84,3181,3281,0
027,85,3282,3395,0
027,86,3396,3534,0
027,88,2344,2394,0
027,89,2395,2540,0
027,90,2541,2678,0
027,91,2679,2757,0
027,91,2758,2767,0
027,91,2768,2842,0
027,92,2843,2897,0
027,93,2898,3034,0
027,93,3035,3080,0
027,93,3081,3184,0
027,94,3197,3343,0
027,96,-1,-1,-1
027,97,3744,3939,0
027,98,3940,4121,0
027,99,4127,4194,0
027,99,4195,4298,0
027,100,4305,4408,0
027,101,4409,4695,0
027,102,4409,4695,0
027,103,4696,4767,0
027,104,4771,4968,0
027,105,4969,5211,0
027,106,5212,5553,0
027,107,5557,5714,0
027,108,5715,5787,0
027,109,5791,5868,0
027,109,5869,6003,0
027,110,6007,6212,0
027,112,10642,10963,8
027,113,10642,10963,8
027,114,10964,11042,3
027,114,-1,-1,-1
027,115,11293,11636,8
027,116,11640,11741,2
027,117,13111,13277,4
027,119,19077,19325,6
027,120,19326,19677,8
027,121,19678,19807,2
027,122,20302,20568,6
027,123,20302,20568,6
027,124,20571,20661,2
027,125,20662,20687,0
027,126,20688,20947,6
027,127,20948,21029,2
027,128,21030,21185,4
027,129,21186,21237,2
027,130,21238,21370,2
027,131,21374,21639,6
027,132,21640,21721,2
027,133,21722,21996,6
027,134,21722,21996,6
027,135,23488,23625,2
027,136,23626,23827,6
027,137,23828,23985,4
027,139,2047,2210,0
027,140,2211,2366,0
027,141,2367,2475,0
027,141,2476,2716,0
027,142,2717,3042,0
027,143,3043,3120,0
027,144,3121,3339,0
027,145,3340,3400,0
027,146,4761,4823,0
027,147,4824,4999,0
027,148,5000,5176,0
027,149,5000,5176,0
027,150,5177,5298,0
027,150,5299,5406,0
027,151,5407,5605,0
039,1,66,120,1
039,1,121,380,0
039,2,381,590,3
039,3,725,825,0
039,4,827,966,0
039,5,971,1096,0
039,6,1098,1406,0
039,7,1407,1458,0
039,8,1459,1678,1
039,9,1679,1937,1
039,10,1938,2150,0
039,10,2151,2222,0
039,11,2223,2293,0
039,12,2294,2349,0
039,12,2350,2360,0
039,13,2361,2509,0
039,14,1943,1978,0
039,15,2000,2194,28
039,16,2210,2517,68
039,17,2518,2626,0
039,18,2627,2758,58
039,19,2759,2857,24
039,20,2874,2941,14
039,21,2942,3190,37
039,22,3191,3241,0
039,23,3242,3287,0
039,24,3288,3431,0
039,25,3432,3704,141
039,26,3705,3735,0
039,27,3860,4186,58
039,28,4201,4369,47
039,29,4383,4562,0
039,30,4563,4830,66
039,31,4831,4943,28
039,32,4951,5255,42
039,33,5256,5486,31
039,34,3649,3829,0
039,35,3830,3932,0
039,36,3933,4096,0
039,37,4098,4216,0
039,38,4218,4353,0
039,39,4357,4468,0
039,40,4469,4653,0
039,41,4654,4763,0
039,42,4792,4894,0
039,43,4895,5011,0
039,44,5012,5197,0
039,45,5198,5387,0
039,46,5413,5716,0
039,47,5717,5970,0
039,48,5972,6122,0
039,49,6123,6354,0
039,50,6355,6443,0
039,51,6444,6589,0
039,51,6590,6742,0
039,52,6743,6855,0
039,53,6856,7067,0
039,54,7068,7206,18
039,58,6114,6183,0
039,59,6184,6327,0
039,60,7296,7366,0
039,61,7367,7593,0
039,62,7728,7962,0
039,63,8702,9149,0
039,64,9312,9459,0
039,65,9460,9532,0
039,66,9533,9606,0
039,67,9607,9727,0
039,68,9824,9969,0
039,69,9970,10037,0
039,70,10038,10225,0
039,71,10857,11080,0
039,72,11351,11590,0
039,73,11591,11678,0
039,74,11679,11745,0
039,75,11746,11881,0
039,76,11882,11968,0
039,77,12631,12787,0
039,78,12788,12879,0
039,79,12880,12995,0
039,80,12996,13129,0
039,81,13130,13266,0
039,82,13267,13309,0
039,83,13543,13685,0
039,84,13686,13733,0
039,85,13734,13785,0
039,98,4530,4983,0
039,99,4984,5149,0
039,100,5150,5337,0
039,101,5338,5694,1
039,102,5718,5934,0
039,103,5935,6078,0
039,104,6079,6214,0
039,105,6215,6341,0
039,106,6342,6537,0
039,107,6538,6601,0
039,108,6603,6704,0
039,109,6705,6953,0
039,110,6954,7156,0
039,111,7173,7554,0
039,112,7578,7722,0
039,113,7723,7839,0
039,114,7840,8037,0
039,115,8038,8284,0
039,116,9056,9134,0
039,117,9135,9279,0
039,118,9300,9334,0
039,119,9357,9380,0
039,120,9381,9449,0
039,121,9717,9825,0
039,122,9717,9825,0
039,123,9829,10059,0
039,124,9829,10059,0
039,125,10060,10259,0
039,126,10060,10259,0
039,127,10260,10661,47
039,128,10260,10661,47
039,129,10662,10956,0
039,129,10957,11131,0
039,130,11132,11261,0
039,130,11262,11290,0
039,131,11291,11335,0
039,131,11336,11374,0
039,132,11375,11423,0
039,132,11424,11512,0
039,133,11621,11856,0
039,133,11857,12091,0
039,134,12158,12347,0
039,134,12348,12591,36
039,135,2409,2576,152
039,135,12608,12656,0
039,135,12657,12993,0
039,136,13002,13051,0
039,136,13052,13160,0
039,137,13248,13578,0
039,138,35855,35947,0
039,141,28042,28173,0
039,142,28137,28239,40
039,143,28240,28292,0
039,143,28293,28326,0
039,144,28327,28375,0
039,145,28376,28415,0
039,146,28416,28484,0
039,147,28485,28705,0
039,148,28815,28943,0
039,149,28944,28997,0
039,149,28998,29079,2
039,150,29080,29141,0
039,151,29142,29249,1
121,1,1354,1491,4
121,2,1496,1709,7
121,3,1496,1709,7
121,4,1710,1795,2
121,5,1800,1810,1
121,5,1710,1922,104
121,6,1923,1933,0
121,6,1935,2034,2
121,7,2039,2177,3
121,8,679,789,3
121,9,792,909,4
121,9,910,1063,4
121,10,1064,1175,3
121,11,1176,1227,1
121,12,1509,1619,3
121,13,1620,1785,4
121,13,1786,1893,3
121,14,2636,2730,2
121,15,2731,2950,6
121,16,2951,3132,5
121,17,3135,3264,4
121,18,3265,3438,9
121,19,3440,3532,2
121,21,3592,3732,4
121,22,3733,3811,2
121,23,5690,5940,8
121,24,5690,5940,8
121,25,5942,6114,4
121,26,8025,8150,3
121,27,8025,8150,3
121,28,8151,8160,0
121,28,8161,8228,2
121,29,8229,8332,3
121,29,8333,8390,1
121,30,8393,8599,5
121,30,8601,8640,0
121,31,8643,8809,5
121,32,8812,8924,3
121,33,8927,9211,7
121,34,9213,9283,36
121,35,727,866,3
121,36,869,1030,4
121,37,1031,1118,2
121,38,1120,1219,2
121,39,1220,1392,5
121,39,1394,1447,1
121,40,1450,1565,2
121,41,1567,1668,2
121,42,1671,1811,3
121,43,1812,2009,5
121,44,2012,2107,2
121,44,2109,2243,3
121,45,2244,2301,2
121,46,2839,2922,2
121,47,2923,3056,4
121,48,3057,3164,3
121,49,3165,3356,5
121,50,3357,3459,3
121,51,2380,2432,1
121,52,2434,2532,2
121,53,2533,2659,3
121,54,2660,2729,2
121,55,2734,2882,4
121,56,2883,2964,2
121,57,2965,3061,3
121,58,3063,3292,6
121,59,3293,3344,1
121,60,3345,3416,2
121,61,3418,3512,3
121,61,3513,3606,2
121,62,3607,3652,1
121,63,3653,3669,1
121,63,3671,3786,2
121,63,3788,3850,1
121,64,3851,3869,0
121,64,3871,3963,2
121,66,4053,4125,2
121,67,4053,4125,2
121,68,4126,4171,1
121,68,4173,4243,1
121,69,4245,4368,3
121,70,4369,4484,3
121,71,4485,4600,3
121,72,4605,4679,2
121,73,4680,4841,4
121,74,4842,4910,2
121,75,4911,5048,4
121,77,3793,3917,3
121,78,3918,4038,3
121,78,4039,4073,1
121,79,4076,4150,1
121,79,4152,4194,0
121,80,4196,4262,1
121,81,4264,4436,4
121,82,4437,4529,2
121,83,4532,4766,6
121,84,4769,4854,2
121,85,4855,4960,2
121,87,10671,10728,1
121,87,10730,10874,3
121,88,10875,11017,4
121,89,11018,11089,2
121,90,11090,11207,3
121,91,11208,11307,8
121,91,11309,11354,1
121,92,14572,14792,6
121,93,14572,14792,6
121,94,14793,15056,10
121,95,15059,15258,5
121,95,15260,15409,3
121,96,15411,15591,4
121,97,15594,15751,6
121,98,15752,15881,3
121,99,15882,16064,5
121,100,16067,16181,2
121,101,16183,16255,1
121,102,16257,16411,4
121,103,16474,16546,2
121,104,16547,16701,5
121,105,16702,16855,4
121,106,16861,17060,5
121,107,17063,17358,12
121,108,17492,17690,7
121,109,17693,17759,2
121,110,17760,18089,9
121,111,18092,18222,3
121,113,18321,18516,5
121,114,18517,18647,4
121,115,18648,18740,3
121,116,18742,18924,4
121,117,18926,19007,2
121,118,19008,19155,6
121,119,19156,19225,1
121,120,19228,19367,3
121,121,19420,19644,6
121,122,19645,19704,1
121,122,19706,19791,2
121,123,19792,19965,4
121,124,19968,20038,2
121,124,20039,20136,3
121,124,20137,20185,1
121,125,13606,13695,2
121,125,13696,13917,6
121,126,13920,14042,3
121,126,14043,14102,2
121,127,10503,10699,5
121,128,10503,10699,5
121,129,10702,10828,3
121,130,10829,10966,4
121,131,10967,11025,1
121,132,11028,11132,2
121,133,11133,11235,3
121,134,11236,11360,3
121,135,11363,11417,1
121,135,11418,11508,2
121,135,11510,11570,1
121,135,11571,11650,2
121,136,14355,14457,2
121,137,14459,14576,3
121,138,14577,14609,1
121,139,14643,14704,1
121,139,14705,14802,3
121,140,14643,14704,1
121,140,14705,14802,3
121,141,14805,14866,1
121,141,14867,14876,0
121,141,14877,14939,2
121,141,14940,15011,2
121,142,15014,15163,4
121,143,15209,15401,5
121,144,15290,15484,115
121,145,12146,12371,108
121,146,12373,12433,1
121,146,12434,12483,1
121,147,12484,12569,3
121,147,12570,12857,7
121,148,12862,12925,1
121,148,12927,13074,4
121,149,13076,13136,1
121,150,13141,13227,2
121,150,13228,13282,2
121,151,13283,13403,3
121,152,139,393,7
121,153,139,393,7
121,154,395,627,6
121,155,628,764,5
121,156,765,996,6
121,157,1000,1129,3
121,158,1131,1279,4
121,159,1282,1339,1
121,159,1341,1503,4
211,1,3988,4063,0
211,2,4065,4105,0
211,3,4107,4297,0
211,4,4298,4467,0
211,5,4470,4569,0
211,6,4570,4723,0
211,7,4724,4916,0
211,9,6137,6281,0
211,10,6282,6382,0
211,11,6383,6467,0
211,12,6470,6620,0
211,13,687,795,0
211,14,796,964,0
211,15,965,1168,0
211,16,1169,1278,0
211,17,1525,1696,0
211,19,2041,2128,0
211,19,2129,2196,0
211,20,2197,2256,0
211,20,2257,2355,0
211,20,2356,2399,0
211,21,2400,2717,0
211,22,3167,3310,0
211,23,3311,3496,0
211,24,3497,3634,0
211,25,3635,3734,0
211,26,4040,4317,0
211,28,4449,4624,0
211,29,4626,4821,0
211,30,4822,4926,0
211,32,6134,6241,0
211,33,6734,6907,0
211,33,6908,6947,0
211,34,8163,8366,0
211,35,20037,20093,0
211,36,20095,20193,0
211,37,20827,21020,0
211,38,21021,21190,0
211,39,21021,21190,0
211,40,21191,21381,0
211,41,21382,21545,0
211,42,22811,22923,0
211,43,22992,23184,0
211,44,609,682,0
211,45,683,764,0
211,46,23497,23660,0
211,47,23661,23759,0
211,48,23760,23855,0
211,49,955,1093,0
211,50,1094,1220,0
211,51,1224,1281,0
211,51,1282,1333,0
211,52,1334,1429,0
211,53,1430,1592,0
211,54,1593,1665,0
211,55,1666,1771,2
211,56,1772,1842,0
211,56,1843,1928,0
211,57,1929,2045,0
211,58,2046,2118,0
211,59,2119,2202,0
211,60,2206,2306,0
211,61,2307,2427,0
211,62,2428,2545,0
211,63,2546,2699,0
211,64,2700,2821,0
211,65,2700,2821,0
211,66,2823,2919,0
211,66,2923,3010,0
211,67,3011,3076,0
211,67,3077,3158,0
211,68,3159,3399,0
211,69,3400,3555,0
211,70,3559,3655,0
211,71,3656,3719,0
211,72,3720,3853,0
211,73,3854,3956,0
211,75,25191,25313,0
211,76,25314,25443,0
211,77,25444,25535,0
211,78,25536,25753,0
211,78,25754,25806,0
211,79,26197,26321,0
211,80,26322,26535,0
211,81,27097,27188,0
211,82,27189,27373,0
211,83,27374,27519,0
211,84,27521,27589,0
211,85,27590,27701,0
211,86,27702,27959,0
211,87,28171,28269,0
211,88,28270,28547,0
211,89,28548,28608,0
211,90,28610,28683,0
211,90,28684,28800,0
211,91,28801,28870,0
211,92,28871,28999,0
211,93,29000,29140,0
211,94,29141,29250,0
211,95,29751,29947,0
211,96,29948,30121,0
211,97,30122,30240,0
211,98,30241,30370,0
211,99,30371,30515,0
211,101,2965,3053,0
211,102,3054,3190,0
211,105,3928,4079,0
211,106,4080,4135,0
211,107,4977,5050,0
211,108,5051,5067,0
211,108,5068,5179,0
211,109,5180,5314,0
211,110,5315,5413,0
211,111,5414,5471,0
211,114,31461,31667,0
211,115,31668,31901,0
211,116,31903,32059,0
211,117,32060,32208,0
211,118,32209,32295,0
211,119,32297,32424,0
211,121,3313,3424,1
211,122,3468,3558,1
211,123,3666,3745,1
211,123,3746,3860,1
211,125,4795,4893,1
211,126,5179,5344,2
211,127,5547,5626,1
211,128,5627,5693,1
211,128,5694,5759,1
211,129,3001,3030,0
211,130,3031,3066,0
211,131,3067,3250,0
211,132,3251,3332,3
211,132,3334,3375,0
211,132,3377,3413,0
211,132,3415,3444,0
211,132,3446,3478,0
211,132,3480,3504,0
211,133,3941,4025,0
211,134,4027,4232,0
211,135,4380,4595,0
211,138,42522,42782,0
211,139,42784,42888,0
211,140,43191,43434,0
211,141,43435,43550,0
211,143,43552,43644,0
211,144,43645,43813,0
211,145,43815,43911,0
211,146,43912,44072,0
211,147,44073,44086,0
211,147,44087,44196,0
211,148,7402,7496,0
211,149,7497,7651,0
211,150,7652,7738,0
211,151,7741,7867,0
211,152,7741,7867,0
211,154,44780,44894,0
211,155,44780,44894,0
211,156,44895,45035,0
211,157,44895,45035,0
024,1,73626,73699,0
024,2,73700,73991,6
024,3,73992,74103,1
024,4,74104,74333,2
024,6,74334,74552,3
024,5,74553,74836,4
024,6,75312,75361,0
024,7,75362,75524,0
024,8,75525,75614,1
024,9,75615,75696,1
024,10,75697,75783,1
024,10,75784,75878,0
024,11,75879,75995,1
024,11,75996,76126,0
024,12,76127,76303,4
024,13,76795,76897,2
024,14,77973,78111,1
024,15,79494,79570,0
024,16,79571,79695,1
024,17,80158,80227,0
024,18,80948,81059,0
024,19,81060,81175,0
024,20,81176,81257,0
024,21,81259,81356,1
024,22,81537,81633,0
024,23,81634,81715,1
024,24,82689,82743,0
024,25,82744,82850,2
024,31,1137,1239,0
024,31,1240,1301,0
024,32,1303,1403,0
024,33,1404,1514,0
024,34,1516,1688,0
024,35,1690,1843,0
024,36,1844,1998,0
024,37,2000,2097,0
024,38,3616,3941,0
024,39,3988,4151,0
024,40,4152,4269,0
024,41,4270,4408,0
024,41,4409,4470,0
024,42,4471,4555,0
024,43,4556,4790,0
024,44,4791,4923,0
024,45,5075,5248,0
024,46,5249,5410,0
024,47,5411,5586,0
024,48,5587,5806,0
024,49,5853,6126,0
024,50,6127,6358,0
024,51,6360,6607,0
024,52,6608,6813,0
024,53,6814,6941,0
024,54,6942,7118,0
024,55,7120,7204,0
024,61,0,96,0
024,61,97,218,0
024,62,219,408,0
024,63,410,546,0
024,64,547,735,0
024,65,737,833,0
024,66,834,1037,0
024,67,1054,1165,0
024,68,1166,1339,0
024,69,1340,1515,0
024,70,1054,1165,0
024,70,1166,1339,0
024,71,1546,1677,0
024,71,1678,1759,0
024,72,1760,1814,0
024,73,1831,1960,0
024,74,2106,2204,0
024,75,2205,2391,0
024,76,2392,2457,0
024,77,2459,2558,0
024,78,2862,3056,0
024,79,3087,3195,0
024,80,3421,3493,0
024,81,3494,3590,0
024,82,3591,3841,0
024,83,3842,4015,0
024,84,4017,4195,0
024,85,4226,4461,35
024,90,0,177,0
024,91,208,349,0
024,92,351,467,0
024,93,468,519,0
024,94,520,596,0
024,95,597,730,0
024,96,731,867,0
024,97,868,1005,0
024,98,1006,1135,0
024,99,1136,1196,0
024,100,1205,1315,0
024,100,1316,1495,0
024,101,1497,1545,0
024,101,1546,1644,0
024,101,1645,1731,0
024,102,1733,1847,0
024,103,1848,1917,0
024,104,1918,1975,0
024,105,1976,2077,0
024,106,2078,2208,0
024,107,2209,2362,0
024,108,2364,2529,0
024,109,3704,3788,0
024,110,2530,2611,0
024,111,3894,3961,0
024,112,4137,4248,0
024,113,4249,4416,0
024,114,4417,4482,0
024,115,4501,4619,0
024,120,799,910,0
024,121,911,1125,0
024,122,1127,1387,0
024,123,1950,2079,0
024,124,2081,2142,0
024,125,2143,2258,0
024,126,2260,2352,0
024,127,2353,2501,0
024,128,2503,2572,0
024,129,2573,2752,0
024,130,2753,2825,0
024,130,2826,2920,0
024,131,3063,3289,0
024,131,3291,3542,0
024,132,3544,3810,0
024,133,3908,4030,0
024,134,4576,4873,0
024,135,5531,5688,0
024,136,5689,5834,0
024,137,5987,6120,0
024,138,6122,6225,0
024,139,6255,6484,0
024,140,6486,6700,0
024,141,6719,6951,0
024,142,6952,7090,0
024,143,7092,7312,0
024,144,7313,7563,0
024,145,7565,7702,0
191,1,1297,1433,0
191,2,1435,1619,3
191,3,1435,1619,3
191,4,1620,1762,0
191,5,1763,1924,0
191,6,1925,2020,0
191,7,1362,1406,0
191,8,1407,1509,0
191,9,1510,1561,0
191,10,1562,1685,1
191,11,531,590,5
191,12,591,653,0
191,13,654,735,0
191,14,736,823,0
191,15,827,927,0
191,16,928,1065,0
191,17,1066,1188,0
191,18,18257,18351,0
191,19,18352,18415,0
191,20,18416,18531,0
191,22,18740,18958,0
191,23,18740,18958,0
191,24,19219,19313,0
191,25,19314,19487,0
191,26,19668,19884,0
191,28,19915,19995,0
191,28,19996,20027,0
191,29,20028,20177,0
191,30,20178,20240,0
191,30,20241,20318,0
191,31,20319,20397,0
191,32,20398,20501,0
191,33,20502,20557,0
191,34,20732,20809,0
191,35,20810,20871,0
191,36,20618,20731,0
191,37,20946,21095,0
191,38,20946,21095,0
191,39,21096,21154,0
191,40,21157,21267,0
191,41,21594,21678,0
191,42,21679,21792,0
191,43,21793,21878,0
191,44,22027,22098,0
191,45,22227,22285,0
191,46,22366,22479,0
191,47,22482,22591,0
191,49,1491,1624,0
191,50,1626,1822,0
191,51,1626,1822,0
191,52,1824,1978,0
191,53,1979,2069,0
191,54,2210,2260,0
191,55,2261,2498,0
191,56,2636,2789,0
191,57,2790,2854,0
191,57,2855,2926,0
191,58,2927,3130,0
191,59,3398,3523,0
191,60,3524,3733,0
191,61,3524,3733,0
191,62,3734,3885,0
191,63,3886,3962,0
191,64,3963,4064,0
191,65,4065,4180,0
191,66,1189,1231,0
191,67,1232,1303,0
191,68,1304,1396,0
191,69,1397,1484,0
191,70,1486,1564,0
191,71,1565,1624,0
191,72,1625,1713,0
191,73,1714,1768,0
191,74,1769,1847,0
191,75,1848,1933,0
191,76,1934,2022,0
191,77,2023,2101,0
191,78,208,385,0
191,79,386,457,0
191,80,458,530,0
191,81,167,252,0
191,82,253,402,0
191,83,654,737,0
191,84,1484,1567,0
191,85,1568,1657,0
191,85,1658,1711,0
191,86,1712,1787,0
191,87,1822,1916,0
191,87,1917,1979,0
191,88,1980,2040,0
191,88,2041,2103,0
191,89,2104,2214,0
191,90,2253,2313,0
191,91,2314,2337,0
191,91,2338,2406,0
191,92,2407,2546,0
191,93,783,908,0
191,94,1421,1483,0
191,94,1484,1580,0
191,95,1585,1624,0
191,98,997,1124,0
191,99,1161,1228,0
191,100,1229,1306,0
191,100,1307,1399,0
191,101,1400,1450,0
191,102,1585,1624,0
191,103,1629,1691,0
191,103,1692,1750,0
191,104,1754,1800,0
191,105,1804,1971,0
191,106,1975,2045,0
191,107,2049,2106,0
191,108,2110,2200,0
191,108,2201,2272,0
191,109,2276,2328,0
191,110,2332,2470,0
191,111,2474,2562,0
191,112,2567,2700,0
191,113,2701,2790,0
191,114,9972,10057,0
191,115,10060,10154,0
191,116,10155,10294,0
191,117,10295,10549,0
191,119,10550,10608,0
191,120,10611,10796,0
191,121,10799,10900,0
191,123,10901,10996,0
191,124,10997,11230,0
191,125,11231,11302,0
191,133,11306,11419,0
191,134,11420,11483,0
191,135,11577,11743,0
191,136,11746,11852,0
191,138,11853,12061,0
191,140,12062,12184,0
191,141,2066,2191,0
191,143,2192,2331,0
191,144,2355,2465,0
191,145,2466,2654,0
191,146,2656,2804,0
191,147,2805,2865,0
191,150,12299,12399,0
191,151,12400,12543,0
191,154,13213,13375,0
131,1,1055,1472,0
131,2,1473,1561,0
131,3,1567,1745,0
131,4,1932,2068,0
131,5,2070,2355,0
131,6,2942,3107,0
131,7,3108,3205,0
131,8,3206,3349,0
131,8,3350,3527,0
131,8,3528,3701,0
131,9,3753,3957,0
131,10,3958,4154,0
131,11,4324,4379,0
131,12,4382,4419,0
131,12,4420,4494,0
131,12,4495,4618,0
131,13,4619,4688,0
131,14,4694,4848,0
131,15,4849,4935,1
131,16,4936,4976,0
131,17,4978,5137,0
131,19,5138,5243,0
131,20,5246,5338,3
131,21,5339,5398,0
131,21,5399,5489,0
131,22,5490,5658,0
131,23,5663,6068,0
131,24,6070,6501,0
131,25,6503,6730,0
131,26,6736,6948,0
131,27,6949,7004,0
131,27,7005,7016,0
131,28,7104,7374,0
131,30,2384,2424,0
131,31,2430,2492,0
131,32,2494,2594,0
131,33,2596,2689,0
131,34,2691,2791,0
131,35,2793,2889,0
131,36,2891,2936,0
131,37,2938,2993,0
131,38,2996,3050,0
131,39,3053,3149,0
131,40,3155,3196,0
131,43,3202,3292,0
131,44,3294,3382,0
131,45,3423,3516,0
131,46,3385,3420,0
131,47,3519,3563,0
131,48,3566,3664,0
131,49,3667,3765,0
131,50,3768,4038,125
131,50,3915,4037,0
131,51,4044,4100,0
131,52,4106,4305,0
131,52,4305,4584,0
131,53,4586,4765,0
131,54,4766,4814,0
131,55,4815,4891,0
131,56,4891,5190,0
131,57,5191,5244,0
131,57,5245,5432,0
131,58,9294,9429,0
131,59,9438,9466,3
131,59,9467,9623,0
131,60,9624,9727,0
131,61,9728,10038,0
131,62,10045,10293,0
131,63,10294,10464,0
131,64,10465,10666,0
131,65,10673,10825,0
131,66,10826,10905,0
131,67,10906,10979,0
131,68,10981,11090,0
131,69,11097,11177,0
131,70,11178,11264,4
131,71,11267,11440,2
131,72,11441,11502,1
131,73,11506,11657,0
131,74,11658,11785,0
131,75,11786,11957,0
131,75,11958,12026,0
131,76,12027,12187,0
131,77,12188,12235,0
131,78,12236,12368,0
131,79,12369,12574,0
131,80,12575,12625,0
131,81,12689,12841,0
131,82,12842,13088,0
131,82,13089,13117,0
131,83,13118,13189,0
131,84,13190,13263,0
131,85,-1,-1,-1
131,85,13370,13439,0
131,87,13446,13624,0
131,88,5522,5578,0
131,89,5586,5620,0
131,90,5622,5712,0
131,92,5714,5752,0
131,93,5753,5931,0
131,94,5932,6023,0
131,91,8111,8414,0
131,92,8415,8435,0
131,92,8436,8531,0
131,92,8532,8560,0
131,93,8561,8617,0
131,93,8618,8686,0
131,93,8687,8728,0
131,93,8729,8783,0
131,94,8831,9023,0
131,95,9026,9124,0
131,95,9125,9305,0
131,96,9308,9542,0
131,97,9543,9664,0
131,99,9667,9809,0
131,100,9810,10153,0
131,101,10156,10575,0
131,102,10576,10683,0
131,103,10686,10827,0
131,104,10986,11057,0
131,104,11058,11204,0
131,104,11205,11319,0
131,105,3344,3759,0
131,105,3760,4055,0
131,106,4056,4127,0
131,107,4130,4532,0
131,108,4533,4664,0
131,109,3908,3980,0
131,110,3984,4209,0
131,111,4214,4335,0
131,111,4341,4465,0
131,112,4468,4710,0
131,113,4712,4907,0
131,114,4909,5029,0
131,115,5030,5135,0
131,116,5136,5216,0
131,116,5217,5401,0
131,117,5402,5493,0
131,118,5495,5578,0
131,119,5579,5705,0
131,120,5706,5755,0
131,121,5891,5990,0
131,121,5991,6118,0
131,122,6119,6204,0
131,123,6205,6269,0
131,124,6271,6369,0
131,125,6370,6469,0
131,126,6470,6594,0
131,127,6596,6700,0
131,128,6702,6832,0
131,129,6834,7007,0
131,130,7008,7179,0
131,131,7180,7263,0
131,132,7265,7395,0
131,133,7397,7528,0
131,134,7529,7610,0
131,135,7611,7808,0
131,136,7809,7893,0
131,137,7894,7985,0
131,138,7987,8200,0
131,139,8202,8391,0
131,140,8393,8607,0
131,141,8609,8751,0
131,142,8752,8906,0
131,143,8908,8959,0
131,144,8961,9141,0
131,145,9143,9184,0
131,146,9188,9291,0
131,147,9316,9430,0
131,148,9434,9714,0
131,149,9716,10224,0
131,150,10226,10348,0
079,1,1825,2032,1
079,2,2034,2086,0
079,3,1071,1142,0
079,3,1143,1236,0
079,4,1242,1292,0
079,5,2087,2384,0
079,6,2087,2384,0
079,7,218,322,0
079,8,323,400,0
079,9,402,503,0
079,13,3776,3894,0
079,14,3895,4043,0
079,15,4044,4146,0
079,16,4229,4385,0
079,17,731,830,0
079,18,831,914,0
079,19,915,1015,0
079,20,1016,1219,0
079,21,1016,1219,0
079,22,4586,4724,0
079,23,217,367,1
079,23,368,433,0
079,24,4725,4796,0
079,25,1221,1359,0
079,26,3796,3916,0
079,27,3917,3983,0
079,28,3984,4092,0
079,29,4276,4372,0
079,30,4373,4521,0
079,31,1360,1532,0
079,32,1534,1592,0
079,33,1593,1655,0
079,33,1656,1776,0
079,34,1777,1942,0
079,34,1943,1950,0
079,35,1777,1942,0
079,35,1943,1950,0
079,36,1951,2093,0
079,37,2094,2194,0
079,38,2367,2461,0
079,39,2550,2611,0
079,40,2612,2657,0
079,40,2658,2744,1
079,41,2745,2851,0
079,42,2852,2909,0
079,43,2910,3055,0
079,44,3056,3162,0
079,46,2246,2281,0
079,49,674,751,0
079,50,752,810,1
079,51,917,1004,0
079,52,1005,1119,0
079,53,1120,1182,1
079,53,1183,1207,0
079,57,1159,1265,0
079,58,4201,4237,0
079,60,4071,4234,0
079,61,4235,4306,0
079,62,4484,4599,0
079,63,4435,4483,0
079,64,2574,2640,0
079,64,2641,2732,0
079,66,4883,5058,0
079,67,5232,5374,0
079,68,5375,5518,0
079,69,2733,2871,0
079,70,2872,2944,0
079,71,5519,5761,0
079,72,5762,5872,0
079,73,5873,5960,0
079,74,5961,6008,0
079,75,2945,3045,0
079,76,6053,6162,0
079,76,6163,6169,0
079,77,6170,6240,0
079,78,6927,7075,0
079,79,7194,7463,0
079,80,7194,7463,0
079,81,7464,7685,0
079,82,7464,7685,0
079,83,7686,7820,0
079,84,7822,7962,0
079,85,6241,6326,0
079,86,1744,1822,0
079,87,6327,6403,0
079,88,6404,6532,0
079,89,1887,1957,0
079,90,1958,2001,0
079,91,2178,2276,0
079,92,6533,6663,0
079,95,6753,6933,0
079,96,7995,8235,0
079,97,7995,8235,0
079,98,8350,8525,0
079,99,8526,8716,0
079,100,8717,8842,0
079,101,8843,8893,0
079,102,8894,8957,0
079,103,8958,9036,0
079,104,9075,9340,0
079,105,9341,9512,0
079,107,10135,10228,0
079,108,1248,1356,0
079,115,4606,4800,0
079,117,6935,7028,0
079,118,7029,7230,0
079,120,7338,7387,0
079,134,8239,8512,0
079,135,7631,7678,0
079,136,10307,10455,0
079,137,1410,1462,0
079,138,1463,1613,0
079,139,1619,1682,0
079,140,7679,7921,0
079,142,15624,15711,0
079,143,15712,15921,2
079,145,16951,17061,0
079,146,15922,16093,0
079,148,10524,10600,0
079,149,10601,10862,0
103,3,1247,1533,0
103,4,1534,1616,0
103,5,1617,1750,0
103,6,236,342,0
103,10,460,556,0
103,14,12186,12305,0
103,15,12306,12441,0
103,16,12442,12488,0
103,17,12490,12606,0
103,18,12607,12714,0
103,22,13035,13157,0
103,23,13035,13157,0
103,24,13159,13243,0
103,25,13244,13322,0
103,26,13323,13432,0
103,27,13434,13535,0
103,28,13536,13670,0
103,29,13671,13807,0
103,30,13671,13807,0
103,31,13808,14052,0
103,32,14494,14665,0
103,33,14666,14733,0
103,34,14734,14801,0
103,35,14802,15020,0
103,36,15021,15191,0
103,39,15531,15622,0
103,40,15890,16049,1
103,41,16050,16130,0
103,42,16131,16315,0
103,43,16131,16315,0
103,44,16316,16647,0
103,45,16316,16647,0
103,46,16649,16805,0
103,47,16806,16941,0
103,50,17147,17244,0
103,51,1139,1283,0
103,52,1284,1361,0
103,52,1362,1433,0
103,53,1434,1679,0
103,54,1434,1679,0
103,55,17245,17387,0
103,56,17388,17488,0
103,57,17489,17547,0
103,58,17548,17758,0
103,60,17807,18052,0
103,61,18054,18265,0
103,62,3073,3168,2
103,62,3169,3246,1
103,63,3247,3339,1
103,63,3340,3388,1
103,64,3389,3469,0
103,65,3470,3522,0
103,65,3523,3573,0
103,66,1371,1430,0
103,67,3190,3286,0
103,68,3287,3465,0
103,69,3466,3636,0
103,71,3575,3630,1
103,71,3631,3659,0
103,72,3660,3759,1
103,73,3760,3873,1
103,74,3874,4029,1
103,78,4292,4397,2
103,79,4398,4495,1
103,80,4496,4577,0
103,81,4578,4688,0
103,82,4689,4796,1
103,83,1556,1621,0
103,83,1622,1733,0
103,84,1734,1796,0
103,85,4010,4078,0
103,85,4079,4167,0
103,86,4168,4281,0
103,87,4282,4422,0
103,90,1885,1998,0
103,91,1999,2084,0
103,92,2120,2217,0
103,93,42976,43059,0
103,94,43060,43185,0
103,95,43186,43362,0
103,96,43364,43514,0
103,97,43515,43756,0
103,98,43515,43756,0
103,99,43757,43825,0
103,100,43826,43963,0
103,101,43964,44145,0
103,102,44146,44182,0
103,102,44184,44236,0
103,103,44237,44308,0
103,104,44309,44484,0
103,105,44485,44666,0
103,106,44668,44713,0
103,107,44714,44924,0
103,107,44925,44964,1
103,108,44714,44924,0
103,108,44925,44964,1
103,109,44966,45064,0
103,110,45065,45228,0
103,111,45229,45403,0
103,112,45404,45487,0
103,112,45488,45595,0
103,113,45597,45701,0
103,114,45702,45892,0
103,115,45972,46216,0
103,116,46217,46356,0
103,117,46357,46502,0
103,118,46503,46598,0
103,118,46600,46652,0
103,119,46653,46813,0
103,120,46814,46991,0
103,121,46993,47140,0
103,122,47141,47232,0
103,123,47234,47320,0
103,124,47321,47488,0
103,125,47489,47627,0
103,126,47628,47734,0
103,127,47736,47907,0
103,128,6188,6310,0
103,129,6311,6396,0
103,130,6397,6501,0
103,131,6503,6594,0
103,132,6595,6749,0
103,133,2839,2929,0
103,134,2930,2998,0
103,135,53183,53227,0
103,136,53228,53308,0
103,137,7025,7105,0
103,138,7122,7177,0
103,139,7178,7279,0
103,141,1746,2016,0
103,142,2021,2142,0
103,143,3172,3271,0
103,144,3272,3397,0
103,145,3398,3508,0
103,146,3509,3576,0
103,147,2950,3075,0
103,148,3076,3150,0
103,149,3151,3273,0
103,150,3312,3467,0
103,151,3468,3513,0
103,152,3518,3652,0
103,153,4348,4422,0
103,154,4428,4524,0
195,1,148,225,1
195,2,226,317,3
195,3,319,512,0
195,4,513,601,0
195,5,602,725,0
195,6,1204,1377,0
195,7,1378,1474,0
195,8,1766,1901,0
195,9,1902,2118,0
195,10,2119,2176,0
195,11,2178,2251,0
195,12,2252,2320,0
195,13,2321,2415,0
195,14,2416,2463,0
195,15,2465,2515,0
195,15,2516,2616,3
195,16,2618,2771,0
195,17,2773,2830,0
195,18,2831,2911,0
195,19,2977,3067,0
195,20,3072,3177,0
195,21,3525,3577,0
195,22,3578,3610,0
195,22,3611,3761,0
195,23,3762,3871,0
195,23,3872,3883,0
195,24,3884,3993,0
195,27,4150,4311,0
195,28,4312,4416,0
195,29,4417,4495,3
195,30,4497,4585,0
195,31,4587,4664,0
195,32,4665,4827,3
195,33,4829,4956,0
195,34,4958,5030,3
195,35,5032,5148,0
195,36,5149,5227,3
195,39,486,663,0
195,40,664,719,0
195,41,783,880,0
195,42,881,946,0
195,43,948,1063,0
195,44,1064,1221,0
195,45,1222,1316,0
195,46,1317,1446,0
195,47,1448,1501,0
195,47,1502,1578,0
195,48,1580,1757,0
195,49,1765,1890,0
195,50,1891,1938,0
195,51,1939,2067,0
195,53,4073,4167,0
195,54,4168,4281,0
195,55,4282,4428,0
195,56,4429,4521,0
195,57,4522,4743,0
195,58,4746,4892,0
195,59,4893,4997,0
195,60,4998,5115,0
195,61,5116,5211,0
195,62,5212,5335,0
195,63,5339,5437,0
195,64,5438,5564,0
195,65,5565,5684,0
195,66,5687,5839,0
195,67,5840,5932,0
195,69,1812,1975,0
195,70,1976,2149,0
195,71,2216,2553,0
195,72,-1,-1,-1
195,73,2614,2786,0
195,74,2787,2889,0
195,75,2890,2942,0
195,76,2943,3085,0
195,77,3119,3241,0
195,78,3245,3446,136
195,79,3312,3446,0
195,80,3447,3546,0
195,81,3547,3601,0
195,82,3602,3779,0
195,83,3832,4003,0
195,84,4004,4080,0
195,85,4084,4248,0
195,86,4249,4325,0
195,87,4326,4479,0
195,88,-1,-1,-1
195,89,4597,4776,0
195,90,5358,5559,147
195,91,5414,5559,0
195,92,5560,5700,0
195,93,5704,5873,0
195,94,5874,5941,0
195,95,6011,6094,0
195,96,6095,6298,0
195,97,6299,6457,0
195,98,6461,6686,0
195,99,6687,6810,0
195,100,6814,6863,0
195,101,6866,7079,0
195,102,7080,7392,0
195,103,7577,7740,0
195,104,7741,7863,0
195,105,7864,8018,0
195,106,8022,8233,0
195,108,542,593,0
195,109,594,701,0
195,110,702,783,0
195,111,785,855,0
195,112,856,930,0
195,112,931,979,0
195,113,982,1064,0
195,113,1065,1105,0
195,114,1108,1190,0
195,115,1191,1297,0
195,116,1299,1392,0
195,117,1787,1843,0
195,117,1844,1949,0
195,118,1951,2005,0
195,118,2006,2091,0
195,119,2093,2152,0
195,119,2153,2208,0
195,120,2209,2256,0
195,121,2257,2310,0
195,122,2311,2389,0
195,125,734,817,0
195,126,867,908,0
195,126,909,990,0
195,127,991,1060,0
195,128,1061,1132,0
195,129,1133,1229,0
195,130,1230,1366,0
195,131,1374,1506,0
195,132,1507,1576,0
195,133,1577,1668,0
195,134,1669,1847,0
195,135,1848,1961,0
195,136,1962,2076,0
195,137,2077,2161,0
195,138,2162,2300,0
195,139,2301,2451,0
195,140,2457,2593,0
195,140,2594,2705,0
243,1,2163,2333,0
243,2,4248,4440,0
243,3,4441,4552,0
243,5,5562,5710,0
243,6,5713,5915,0
243,7,5916,6092,0
243,8,5916,6092,0
243,9,6093,6265,0
243,10,6268,6500,0
243,11,6501,6564,0
243,12,6565,6744,0
243,14,6745,6833,0
243,14,6834,6837,0
243,15,6840,7023,0
243,15,6840,7023,0
243,16,7026,7144,0
243,17,7145,7453,0
243,18,7145,7453,0
243,19,7456,7734,0
243,20,7735,7871,0
243,22,7978,8159,0
243,23,8160,8258,0
243,24,8259,8413,0
243,25,8414,8635,0
243,26,8638,8846,0
243,27,8638,8846,0
243,28,8847,9297,0
243,29,9470,9780,0
243,30,9783,9987,0
243,32,10201,10666,0
243,33,10201,10666,0
243,34,10667,10836,0
243,34,10839,10879,0
243,35,10880,11027,0
243,36,11028,11124,0
243,37,11258,11446,0
243,38,11447,11594,0
243,39,11595,11751,0
243,40,11752,11949,0
243,42,13294,13473,0
243,43,13474,13745,0
243,44,13474,13745,0
243,46,13822,13941,0
243,46,13942,13964,0
243,47,13965,14190,0
243,48,14191,14363,0
243,49,14366,14573,0
243,51,14652,14709,0
243,52,14710,14776,0
243,53,14777,15005,0
243,56,22754,22777,0
243,56,22778,22930,0
243,57,22931,22951,0
243,57,22952,23004,0
243,58,23005,23155,0
243,59,23156,23213,0
243,60,23214,23255,0
243,61,23256,23380,0
243,62,23381,23460,0
243,64,23493,23558,0
243,65,23592,23723,0
243,67,28208,28459,0
243,68,28460,28495,0
243,69,28496,28613,0
243,70,28614,28706,0
243,71,28707,28853,0
243,72,29244,29320,0
243,72,29321,29438,0
243,73,29439,29509,0
243,73,29510,29636,0
243,74,29642,29809,0
243,76,2108,2377,6
243,77,2378,2458,2
243,78,2461,2593,2
243,79,2596,2624,0
243,79,2625,2651,0
243,80,2654,2703,0
243,81,2768,2783,0
243,81,2784,2793,0
243,82,2796,2826,0
243,82,2827,2876,2
243,82,2877,3006,3
243,83,3007,3054,2
243,83,3057,3103,0
243,84,3104,3191,2
243,85,3194,3268,2
243,86,3269,3323,0
243,86,3324,3357,2
243,86,3358,3384,0
243,87,3387,3405,0
243,87,3406,3460,2
243,88,3461,3552,2
243,88,3553,3586,0
243,89,3589,3667,2
243,90,3668,3706,2
243,90,3707,3774,2
243,92,3862,3969,2
243,93,3970,4006,2
243,93,4007,4051,0
243,94,4054,4085,0
243,94,4086,4142,2
243,95,4143,4210,2
243,96,4211,4261,2
243,96,4262,4282,0
243,96,4283,4334,2
243,97,4335,4365,0
243,98,4366,4530,4
243,99,4534,4592,0
243,100,4593,4695,4
243,101,4696,4774,2
243,103,6993,7066,0
243,104,7067,7185,0
243,106,7235,7457,0
243,107,7458,7536,0
243,108,7547,7605,0
243,108,7606,7777,0
243,109,7778,7898,0
243,110,7988,8143,0
243,111,8144,8217,0
243,112,8290,8383,0
243,112,8384,8420,0
243,114,9353,9471,0
243,115,9472,9519,0
243,116,9520,9635,0
243,117,9520,9635,0
243,118,9636,9674,0
243,118,9675,9713,0
243,119,9714,9764,0
243,120,9765,9824,0
243,122,205,338,0
243,123,339,414,0
243,124,415,488,0
243,125,489,575,0
243,126,576,706,0
243,126,707,811,0
243,127,576,706,0
243,127,707,811,0
243,128,707,811,0
243,128,812,867,0
243,129,869,978,0
243,130,980,1313,4
243,131,1315,1477,0
243,132,1315,1477,0
243,133,1479,1550,0
243,133,1551,1594,0
243,134,1595,1693,0
243,135,1694,1745,0
243,135,1746,1790,0
243,136,1694,1745,0
243,136,1746,1790,0
243,137,1925,2032,1
243,137,2033,2072,1
243,140,261,374,6
243,142,457,573,6
243,142,576,648,2
243,143,649,738,4
243,144,740,797,2
243,145,798,994,8
243,146,1006,1029,0
243,146,1030,1073,4
243,146,1074,1381,14
243,147,2855,2953,6
243,148,2954,3033,4
243,149,3034,3094,4
243,150,3095,3300,10
243,151,3301,3400,4
243,152,3401,3577,9
243,153,3578,3722,6
243,154,3723,3849,5
243,155,3970,4078,4
086,1,1035,1422,0
086,3,1423,1838,0
086,4,1561,1666,0
086,4,1667,1905,1
086,5,1906,2069,1
086,6,2070,2360,2
086,7,2361,2459,0
086,7,2460,2696,1
086,8,2697,2928,2
086,9,2955,3180,1
086,10,3447,3685,1
086,11,665,864,2
086,12,865,1111,2
086,13,56521,56783,5
086,14,56785,57248,0
086,15,57249,57367,0
086,16,57421,57747,0
086,17,57748,57915,0
086,18,57916,58196,0
086,19,58197,58303,0
086,20,58482,59296,10
086,21,59441,59587,0
086,21,59588,59800,0
086,22,59802,59873,0
086,22,59874,60266,10
086,23,60268,60783,5
086,24,60784,61494,0
086,25,61559,61627,0
086,25,61628,61826,0
086,26,61827,62024,5
086,27,6770,6895,0
086,27,5167,5178,0
086,27,6908,7008,0
086,29,7068,7086,0
086,29,7087,7138,0
086,29,7139,7253,0
086,31,7344,7393,0
086,33,7394,7453,0
086,33,7454,7592,0
086,33,7593,7666,0
086,34,62559,62656,0
086,35,7778,7834,0
086,36,7835,7901,0
086,36,7902,7930,0
086,37,7931,7980,2
086,37,7981,8081,0
086,38,62657,62886,4
086,43,298,453,0
086,44,454,567,0
086,45,568,730,0
086,45,731,758,0
086,46,759,843,0
086,47,844,880,0
086,47,881,1023,0
086,48,1024,1092,0
086,48,1093,1263,0
086,49,1264,1365,0
086,50,1370,1510,0
086,50,1511,1553,0
086,50,1554,1592,0
086,50,1593,1615,0
086,51,1616,1716,0
086,52,1717,1789,0
086,53,2560,2759,0
086,54,2760,2825,0
086,54,2826,2880,0
086,55,2919,3006,0
086,56,3468,3577,0
086,56,3578,3641,0
086,57,3642,3768,0
086,59,4788,4895,0
086,60,4896,5059,0
086,61,5064,5134,0
086,61,5135,5181,0
086,61,5182,5378,0
086,62,8322,8688,5
086,63,8690,8843,0
086,64,8844,8948,0
086,64,8949,9027,0
086,65,9028,9119,0
086,66,9120,9321,3
086,66,9322,9468,0
086,66,9469,9589,0
086,66,9590,9711,0
086,67,9768,9944,0
086,68,9945,10303,3
086,69,10304,10429,0
086,70,10430,10627,0
086,70,10628,10690,0
086,71,10746,10784,0
086,71,10785,10961,3
086,71,10962,11030,0
086,72,11608,11853,0
086,73,11854,11972,0
086,74,11974,12139,0
086,74,12140,12521,0
086,75,12523,12587,0
086,76,12589,12688,0
086,77,12689,13002,28
086,78,12975,13002,0
086,78,13003,13111,0
086,80,13247,13289,0
086,81,13355,13461,0
086,82,13462,13645,0
086,83,13646,13912,0
086,84,13914,14336,8
086,85,15252,15385,0
086,85,15386,15463,0
086,86,15464,15556,0
086,87,15699,15991,0
086,88,15993,16295,3
086,89,16297,16486,3
086,90,16487,16513,0
086,90,16514,16525,0
086,90,16526,16760,3
086,91,16762,16889,0
086,92,16962,17088,0
086,92,17089,17196,31
086,95,71927,72046,0
086,96,72047,72080,0
086,96,72081,72168,0
086,97,72169,72222,0
086,98,72223,72330,0
086,98,72331,72393,0
086,99,7566,7744,0
086,100,7745,7892,12
086,101,7893,7997,1
086,102,7998,8166,1
086,105,8167,8227,0
086,105,8228,8236,0
086,106,5922,6108,0
086,107,6110,6318,1
086,108,6319,6413,0
086,109,6414,6504,1
086,110,6505,6646,0
086,111,6647,6813,1
086,112,6814,7196,5
086,113,7197,7448,2
086,114,7449,7541,0
086,118,509,809,0
086,120,1028,1126,0
086,121,1127,1331,0
086,122,1332,1406,0
086,123,1513,1698,0
086,124,1699,1877,0
086,124,1878,1888,0
086,125,1889,1992,0
086,126,1539,1792,0
086,127,2207,2418,0
086,128,2419,2775,0
086,130,4976,5179,0
086,131,5179,5291,0
086,132,6310,6567,0
086,133,6569,6749,0
086,134,6750,6900,1
086,135,6901,7051,0
086,136,5887,6025,0
086,137,6026,6066,0
086,137,6067,6180,0
086,138,6181,6366,0
086,139,6808,7157,0
086,140,7158,7236,0
086,141,7237,7419,0
086,142,7422,7790,0
086,143,7791,8005,0
086,144,13096,13177,0
086,144,13178,13303,0
086,145,13306,13490,0
086,146,13491,13679,0
086,147,13680,13810,0
086,148,13811,14017,0
086,150,14108,14296,0
257,1,154,252,0
257,2,253,345,0
257,4,426,530,0
257,5,531,598,0
257,6,599,708,0
257,7,709,825,0
257,8,827,841,0
257,9,842,909,0
257,10,910,1006,0
257,11,1007,1098,0
257,12,1099,1208,0
257,12,1209,1279,0
257,13,1280,1354,0
257,14,1355,1395,0
257,15,1396,1447,0
257,16,1448,1498,0
257,17,1499,1580,0
257,18,1581,1719,0
257,21,1789,1865,0
257,22,1866,1949,0
257,23,1950,2070,0
257,24,2071,2146,0
257,24,2147,2201,0
257,25,11227,11245,0
257,26,11250,11371,0
257,27,11372,11435,0
257,28,11436,11467,0
257,29,11468,11612,0
257,30,11613,11672,0
257,31,11673,11752,0
257,32,11753,11925,0
257,34,11926,11988,0
257,35,11989,12146,0
257,36,1396,1505,81
257,37,1428,1505,0
257,38,1506,1563,0
257,39,1564,1664,0
257,41,1665,1732,0
257,42,1733,1840,0
257,43,1841,1992,0
257,44,1993,2117,0
257,45,2118,2200,0
257,45,2201,2241,0
257,46,2242,2334,0
257,47,2335,2425,0
257,48,2426,2506,0
257,49,2507,2561,0
257,49,2562,2642,0
257,50,-1,-1,-1
257,51,2180,2355,0
257,53,2356,2477,0
257,54,2478,2620,0
257,56,2621,2703,0
257,57,2774,2856,0
257,58,2857,3005,0
257,59,3006,3083,0
257,60,3170,3306,0
257,61,3307,3385,0
257,62,3386,3510,0
257,63,8767,8789,0
257,64,8794,8904,0
257,65,8905,8976,0
257,66,8977,9050,0
257,67,9051,9201,0
257,68,9202,9354,0
257,70,9355,9419,0
257,71,9420,9540,0
257,72,-1,-1,-1
257,73,3310,3466,0
257,74,3467,3559,0
257,75,3560,3718,0
257,78,3789,3893,0
257,79,3512,3607,63
257,80,3546,3607,0
257,82,3660,3789,0
257,83,3790,3855,0
257,83,3856,3899,0
257,85,3961,4045,0
257,86,4046,4128,0
257,87,4129,4225,0
257,88,4294,4393,0
257,89,4394,4501,0
257,90,4502,4605,0
257,91,2203,2234,0
257,92,2235,2323,0
257,92,2324,2368,0
257,93,2369,2447,0
257,94,2448,2560,0
257,96,2561,2633,0
257,97,2634,2692,0
257,98,2693,2782,0
257,99,2783,2865,0
257,100,2866,2947,0
257,101,2948,3027,0
257,102,3028,3116,0
257,104,3220,3352,0
257,105,3353,3566,0
257,106,3567,3639,0
257,108,3744,3803,0
257,109,3804,3847,0
257,109,3848,3899,0
257,110,3900,3963,0
257,110,3964,4006,0
257,111,4007,4080,0
257,113,4132,4279,0
257,115,4280,4349,0
257,116,4350,4448,0
257,118,8132,8136,0
257,118,8137,8185,42
257,119,8147,8187,0
257,119,8188,8271,0
257,120,8272,8350,0
257,120,8351,8407,0
257,120,8408,8493,0
257,122,8494,8604,0
257,123,8605,8762,0
257,124,17581,17750,145
257,125,17639,17750,0
257,126,17751,17810,0
257,127,17811,17973,0
257,129,17974,18107,0
257,130,18108,18157,0
257,132,18201,18330,0
257,133,18331,18423,0
257,134,4607,4694,62
257,135,4634,4694,0
257,137,4776,4918,0
257,137,4919,4969,0
257,138,4973,5019,0
257,139,5020,5108,0
257,140,5109,5194,0
257,141,5195,5250,0
257,142,5321,5390,0
257,143,5391,5474,0
257,144,5475,5544,0
257,145,5545,5593,0
257,146,4614,4654,0
257,147,4659,4901,0
257,149,4902,5029,0
257,150,5030,5157,0
257,151,5158,5233,0
257,152,5234,5318,0
049,2,984,1258,139
049,3,1259,1341,0
049,4,1342,1404,0
049,5,1405,1634,0
049,6,1635,1867,0
049,7,1869,1968,0
049,8,1970,2118,0
049,9,2119,2191,0
049,10,2192,2370,0
049,12,375,428,0
049,13,435,515,2
049,15,523,604,1
049,16,611,710,3
049,17,716,771,0
049,18,778,897,3
049,19,921,1028,5
049,20,1038,1182,4
049,21,1183,1260,2
049,23,1650,1677,0
049,23,1678,1758,2
049,25,1791,1854,2
049,26,1855,1967,4
049,27,1978,2049,2
049,28,1959,2111,120
049,29,2112,2151,2
049,29,2152,2157,0
049,30,2158,2222,2
049,32,2223,2436,6
049,34,2469,2565,2
049,35,2576,2608,0
049,35,2609,2761,6
049,37,2762,2827,2
049,38,2838,2957,2
049,39,2958,3036,4
049,40,3037,3120,2
049,41,3133,3241,2
049,43,3242,3334,4
049,44,3335,3436,2
049,45,3439,3595,4
049,46,3596,3669,2
049,46,3670,3754,4
049,49,3755,3798,2
049,50,3229,3395,0
049,51,3396,3509,0
049,52,3513,3696,0
049,53,3697,3806,0
049,54,3810,3899,0
049,55,3900,4027,0
049,56,4028,4164,0
049,57,4165,4255,0
049,58,4276,4388,0
049,59,4389,4520,0
049,60,4524,4620,0
049,61,4621,4678,0
049,62,4679,4721,0
049,63,4722,4807,0
049,64,4808,4879,0
049,65,4883,4985,0
049,67,972,1098,0
049,68,1099,1203,0
049,69,1236,1308,0
049,70,1309,1390,0
049,71,1391,1505,0
049,72,1506,1601,0
049,73,1602,1694,0
049,74,1695,1821,0
049,75,1822,1897,0
049,75,1900,1954,0
049,76,1955,2086,0
049,76,2087,2226,0
049,77,2227,2333,0
049,77,2334,2439,0
049,78,2440,2485,0
049,79,2516,2622,0
049,80,2623,2766,0
049,81,2623,2766,0
049,82,2767,2904,0
049,83,2767,2904,0
049,84,2905,3093,0
049,85,2905,3093,0
049,86,3094,3176,0
049,86,3177,3254,0
049,87,3270,3316,0
049,88,3317,3403,0
049,89,3404,3506,0
049,90,3404,3506,0
049,91,1454,1567,0
049,92,1568,1629,0
049,93,1630,1730,0
049,94,1731,1901,0
049,95,1731,1901,0
049,96,1902,1939,0
049,97,1940,1994,0
049,98,1995,2235,0
049,99,1995,2235,0
049,100,2236,2366,0
049,101,2367,2510,0
049,102,2511,2737,0
049,103,919,969,0
049,104,970,1025,0
049,105,1026,1154,0
049,106,1155,1254,0
049,107,1255,1322,0
049,108,1324,1440,0
049,109,1441,1507,0
049,110,1508,1635,0
049,111,1636,1702,0
049,112,1703,1783,0
049,113,1784,1851,0
049,114,1853,1941,0
049,114,1942,2047,0
049,115,2048,2099,0
049,116,2843,2966,0
049,117,3578,3637,0
049,118,3638,3805,0
049,119,3806,3889,0
049,120,3891,4001,0
049,121,4005,4169,0
049,122,4170,4282,0
049,123,4170,4282,0
049,124,4284,4463,0
049,125,4464,4560,0
049,126,4562,4824,0
049,127,4562,4824,0
049,128,4826,4913,0
049,129,4914,5008,0
049,130,5009,5099,0
049,132,5100,5134,0
049,133,5135,5320,0
049,134,5322,5460,0
049,135,5461,5525,0
049,137,5526,5572,0
049,138,5573,5608,0
049,139,5609,5655,0
049,140,5656,5738,0
049,141,5739,5830,0
049,142,5832,5928,0
049,143,5929,6095,0
049,144,6096,6128,0
049,145,6129,6194,0
049,146,6195,6300,0
049,147,6302,6358,0
049,148,6359,6451,0
049,149,6452,6510,0
049,150,6511,6608,0
137,12430,12531,0
137,1,757,927,0
137,2,928,1025,0
137,3,1026,1159,0
137,4,1177,1281,0
137,5,1282,1362,0
137,6,1363,1439,0
137,7,5476,5554,0
137,8,5555,5771,0
137,9,5772,5837,0
137,10,5838,5940,0
137,11,6118,6217,0
137,12,6476,6625,0
137,13,2408,2491,0
137,14,2492,2546,0
137,15,2547,2753,0
137,16,2754,2932,0
137,17,3164,3282,0
137,18,5546,5554,0
137,18,5555,5635,0
137,19,5636,5687,0
137,20,5704,5712,0
137,20,5713,5913,0
137,21,5914,5922,0
137,21,5923,6022,0
137,22,6023,6163,0
137,23,6164,6238,0
137,24,11203,11352,0
137,25,11353,11434,0
137,26,11436,11728,0
137,27,11881,11989,0
137,28,11991,12230,0
137,29,12231,12388,0
137,30,12389,12539,0
137,31,12578,12664,0
137,32,12665,12783,0
137,33,12784,12877,0
137,34,12878,12938,0
137,35,12939,13094,0
137,36,13095,13167,0
137,37,13168,13256,0
137,38,13258,13365,0
137,39,13367,13490,0
137,40,13491,13597,0
137,41,13598,13693,0
137,42,13695,13889,0
137,43,13890,13955,0
137,44,13957,14146,0
137,44,14147,14224,0
137,45,14226,14339,0
137,46,14340,14540,0
137,47,14542,14710,0
137,47,14711,14766,0
137,48,14767,14900,0
137,49,14902,15055,0
137,50,15056,15214,0
137,51,15215,15383,0
137,52,15384,15509,0
137,53,15510,15656,0
137,54,15658,15848,0
137,55,15849,15926,0
137,56,15928,16124,0
137,57,16126,16240,0
137,58,16242,16348,0
137,59,16394,16566,0
137,60,16568,16790,0
137,61,16792,16904,0
137,62,16905,17029,0
137,63,17031,17204,0
137,64,17206,17343,0
137,65,17442,17671,0
137,66,17673,17809,0
137,67,17810,17865,0
137,68,17867,18033,0
137,69,18034,18105,0
137,70,18107,18234,0
137,71,18236,18341,0
137,72,18342,18423,0
137,73,18477,18738,0
137,74,18740,18825,0
137,74,18826,18880,0
137,75,18882,19054,0
137,76,19055,19126,0
137,77,19127,19249,0
137,77,19250,19358,0
137,78,19359,19543,0
137,79,19544,19733,0
137,80,19734,19975,0
137,81,19976,20037,0
137,82,20038,20183,0
137,83,21072,21230,0
137,83,21231,21307,0
137,84,21309,21458,0
137,84,21459,21511,0
137,85,21512,21636,0
137,86,21827,21966,0
137,87,22386,22610,0
137,88,22828,22959,0
137,88,23116,23203,0
137,89,23204,23339,0
137,89,23340,23396,0
137,90,23398,23533,0
137,91,23535,23711,0
137,92,23712,23774,0
137,93,23931,24071,0
137,94,24073,24182,0
137,95,24183,24353,0
137,96,24631,24696,0
137,97,24697,24819,0
137,98,24820,24983,0
137,99,25032,25106,0
137,100,25107,25317,0
137,101,25318,25412,0
137,101,25413,25477,0
137,102,25479,25652,0
137,103,25653,25728,0
137,104,25729,25850,0
137,105,25851,26030,0
137,106,26182,26245,0
137,107,26247,26459,0
137,108,26460,26575,0
137,109,26577,26782,0
137,110,26783,26877,0
137,111,26879,27123,0
137,112,27125,27271,0
137,113,27273,27383,0
137,114,27435,27672,0
137,115,27674,27781,0
137,116,27942,28039,0
137,117,28040,28306,0
137,118,28308,28455,0
137,119,28456,28617,0
137,120,30181,30278,0
137,121,30279,30511,0
137,122,30513,30780,0
137,123,34823,34906,0
137,124,34908,35082,0
137,125,35308,35368,0
137,126,35370,35442,0
137,127,35503,35535,0
137,128,35536,35606,0
137,129,35607,35664,0
137,130,35665,35728,0
137,131,35861,35958,0
137,132,35959,36072,0
137,133,36074,36345,0
137,134,36351,36469,0
137,135,37477,37665,0
055,1,2447,2504,0
055,2,2506,2595,0
055,3,2950,3095,0
055,5,1418,1570,0
055,6,2762,2889,0
055,7,4375,4460,0
055,7,4461,4534,0
055,8,6463,6569,0
055,8,6570,6640,0
055,9,10068,10193,0
055,10,6677,6789,0
055,11,6791,6875,0
055,12,7012,7177,0
055,13,7178,7380,0
055,14,7382,7482,0
055,15,7483,7618,0
055,16,7651,7815,0
055,17,7851,7949,0
055,19,8027,8145,0
055,20,8147,8193,0
055,21,8194,8338,0
055,21,8339,8402,0
055,22,8339,8401,0
055,23,8403,8523,0
055,24,8524,8777,0
055,25,8778,8869,0
055,26,8870,9107,0
055,27,9109,9222,0
055,28,9223,9308,25
055,28,9223,9308,60
055,30,9413,9514,0
055,31,10037,10057,0
055,31,10058,10230,0
055,32,10231,10482,0
055,33,10483,10621,0
055,34,10623,10761,0
055,35,10763,10840,0
055,36,10841,10902,0
055,37,11130,11254,0
055,39,11357,11545,80
055,39,11310,11544,156
055,40,11546,11664,0
055,43,12081,12209,0
055,44,12211,12322,0
055,45,12323,12586,0
055,46,12588,12685,0
055,47,12687,12888,0
055,48,13260,13360,0
055,49,13401,13632,0
055,50,7983,8025,34
055,50,7993,8025,0
055,51,9310,9411,0
055,52,11883,12080,122
055,52,11961,12079,0
055,53,327,536,0
055,54,537,767,0
055,55,769,947,0
055,56,985,1137,0
055,57,1139,1234,0
055,58,1235,1281,0
055,58,1282,1290,0
055,59,1292,1383,0
055,60,1384,1448,0
055,60,1449,1456,0
055,61,1659,1712,0
055,62,1713,1783,0
055,63,1987,2177,0
055,64,2179,2354,0
055,65,2356,2416,0
055,66,2528,2680,0
055,67,2682,2796,0
055,68,2797,2921,0
055,69,2923,3081,0
055,70,3083,3229,0
055,71,3230,3400,0
055,72,3401,3550,0
055,73,3551,3667,0
055,74,3668,3772,0
055,75,769,948,0
055,75,949,984,0
055,76,3905,3932,0
055,76,3933,3945,0
055,76,3946,4055,0
055,77,4057,4201,0
055,78,4202,4278,0
055,79,4279,4351,0
055,80,4352,4418,0
055,81,4420,4565,0
055,82,4279,4351,0
055,82,4352,4418,0
055,83,4834,4914,0
055,83,4915,5046,0
055,84,3795,3868,0
055,84,3869,3903,0
055,85,5152,5284,0
055,87,5348,5456,0
055,88,5458,5514,0
055,89,5522,5556,0
055,90,5558,5648,0
055,91,5689,5867,0
055,92,5868,5959,0
055,93,14080,14230,0
055,93,14231,14291,0
055,93,14292,14302,0
055,94,6142,6269,0
055,95,5522,5557,0
055,95,5558,5648,0
055,96,6450,6573,0
055,97,2224,2324,0
055,99,2578,2658,0
055,100,2683,2723,0
055,101,2724,2908,0
055,102,2928,3078,0
055,103,3079,3176,0
055,104,14310,14413,0
055,104,14414,14476,0
055,105,5650,5688,0
055,105,5689,5866,0
055,106,3341,3514,0
055,107,3515,3555,0
055,108,3556,3668,0
055,109,3670,3751,0
055,110,3782,3882,0
055,111,13260,13360,0
055,111,13361,13399,0
055,112,3987,4125,0
055,113,4126,4207,0
055,114,4208,4249,0
055,115,16970,17037,0
055,116,6142,6269,0
055,116,6270,6449,0
055,117,4767,4942,0
055,118,4943,5008,0
055,119,5009,5094,0
055,120,5096,5190,0
055,121,6946,7053,0
055,121,7054,7187,0
055,122,5277,5426,0
055,123,5427,5614,0
055,124,5616,5838,0
055,125,5840,5964,0
055,126,5966,6021,0
055,127,6023,6210,0
055,128,6212,6288,0
055,129,6332,6437,0
055,130,6439,6513,0
055,131,6515,6611,0
055,132,6613,6781,0
055,133,6783,6931,0
055,134,1988,2095,0
055,135,2097,2287,0
055,136,2289,2433,0
055,137,2435,2554,0
055,138,2555,2664,0
055,139,2665,2708,0
055,140,2710,2868,0
055,141,2869,3087,0
055,142,3089,3216,0
055,143,3218,3416,0
055,144,3418,3598,0
055,145,3616,3655,0
055,146,3656,3853,0
055,147,3854,4010,0
055,148,4011,4175,0
055,149,4193,4301,0
148,1,220,360,2
148,2,361,539,2
148,3,540,679,2
148,4,682,818,2
148,5,819,1028,3
148,8,1048,1165,2
148,9,1166,1320,2
148,10,1341,1460,2
148,11,1461,1567,1
148,12,1568,1668,1
148,13,1670,1761,1
148,14,1765,1852,1
148,15,1853,1963,2
148,16,1964,2011,0
148,17,2013,2350,4
148,18,2351,2474,1
148,19,2475,2615,2
148,19,2616,2691,1
148,20,2694,2874,3
148,21,2875,2958,1
148,22,2959,3032,1
148,23,3033,3197,2
148,24,3198,3231,0
148,24,3233,3343,1
148,25,3344,3526,2
148,26,3527,3661,2
148,27,3662,3843,3
148,28,3662,3843,3
148,29,1938,1971,0
148,29,1972,2031,0
148,30,1656,1827,0
148,31,1828,1936,0
148,32,2033,2174,0
148,33,2175,2246,0
148,34,2247,2447,0
148,36,2519,2728,0
148,37,2729,2868,0
148,38,4833,4982,0
148,39,4983,5138,0
148,40,5651,5873,0
148,41,6749,6806,0
148,42,6808,6978,0
148,43,6979,7176,0
148,44,7177,7426,0
148,45,7428,7531,0
148,46,7532,7758,0
148,47,6030,6150,0
148,48,6164,6310,0
148,49,6311,6444,0
148,50,6445,6530,0
148,51,6533,6597,0
148,52,6600,6679,0
148,53,6680,6803,0
148,54,6804,6927,0
148,55,6928,7047,0
148,56,7048,7213,0
148,57,7214,7283,0
148,58,7286,7374,0
148,59,7377,7504,0
148,60,7377,7504,0
148,61,7505,7656,0
148,62,7657,7822,0
148,63,7823,7895,0
148,64,7898,8005,0
148,65,8006,8122,0
148,66,8123,8192,0
148,67,8193,8316,0
148,68,6767,6950,0
148,69,6951,7135,0
148,70,7136,7255,0
148,71,7256,7364,0
148,72,7365,7434,0
148,73,7436,7615,0
148,74,7616,7680,0
148,75,7681,7783,0
148,76,7785,7900,0
148,78,7978,8071,0
148,78,8072,8164,0
148,79,8165,8308,0
148,80,8310,8493,0
148,81,8494,8661,0
148,82,8494,8661,0
148,83,9450,9494,0
148,83,9495,9567,0
148,84,9568,9680,0
148,85,9681,9788,0
148,86,9909,9967,0
148,87,9968,10163,0
148,88,9968,10163,0
148,89,10247,10422,0
148,89,10423,10454,0
148,90,10456,10497,0
148,90,10498,10626,0
148,91,11178,11285,0
148,92,11286,11337,0
148,93,11388,11507,0
148,94,11508,11681,0
148,95,11682,11863,0
148,96,11865,11944,0
148,97,12623,12751,0
148,98,14647,14787,0
148,99,14788,14960,0
148,100,14961,15019,0
148,101,15020,15129,0
148,102,15130,15277,0
148,103,15278,15450,0
148,104,15451,15524,0
148,105,15526,15585,0
148,106,16360,16441,0
148,107,16442,16505,0
148,108,16506,16575,0
148,108,16576,16650,0
148,109,16651,16850,0
148,110,16851,16939,0
148,110,16940,17030,0
148,111,17177,17459,0
148,112,17460,17617,0
148,113,17618,17740,0
148,113,17741,17806,0
148,116,740,861,0
148,117,862,1008,0
148,117,1009,1106,0
148,118,1356,1404,0
148,119,1405,1563,0
148,120,1564,1658,0
148,121,1658,1938,0
148,122,1939,2073,0
148,123,2075,2115,0
148,123,2119,3300,0
148,124,2075,2115,0
148,124,2119,3300,0
148,125,2075,2115,0
148,125,2119,3300,0
148,126,3302,3576,0
148,127,3730,4161,5
148,128,4164,4323,0
148,129,4323,4492,0
148,130,5953,5990,0
148,130,5991,6100,0
148,131,6101,6242,0
148,132,7794,7814,0
148,132,7815,7985,0
148,133,7988,8054,0
148,133,8057,8068,0
148,133,8072,8252,0
148,134,8255,8373,0
148,135,8374,8461,0
148,136,8709,8862,0
148,137,8863,8934,0
148,138,8935,9054,0
148,139,9055,9114,0
148,140,9534,9558,0
148,140,9560,9726,0
148,141,9534,9558,0
148,141,9560,9726,0
148,142,9729,9888,0
148,143,9889,9969,0
148,144,10654,10767,0
148,145,10768,10850,0
148,146,10912,10992,0
148,147,10993,11095,0
148,148,11096,11128,0
148,148,11129,11203,0
148,149,11304,11398,0
148,150,11399,11489,0
148,151,11492,11662,0
148,152,11663,11734,0
148,152,11735,11803,0
138,1,700,841,0
138,2,842,975,0
138,3,976,1020,0
138,4,1066,1153,0
138,5,1154,1279,0
138,6,3558,3723,0
138,7,3724,3914,0
138,8,3915,3975,0
138,9,3976,4115,0
138,10,4116,4197,0
138,11,1307,1379,0
138,12,1380,1485,0
138,13,1650,1791,0
138,14,1792,1878,0
138,15,4606,4808,0
138,16,5920,6004,0
138,17,6005,6068,0
138,18,6069,6119,0
138,18,6120,6184,0
138,19,6185,6289,0
138,19,6290,6293,0
138,20,6297,6384,0
138,21,6385,6466,0
138,22,6525,6587,0
138,22,6588,6625,0
138,23,6626,6723,0
138,24,6724,6788,0
138,25,6789,6864,0
138,26,6865,6932,0
138,27,6934,6942,0
138,27,6943,7049,0
138,27,7050,7148,0
138,28,7149,7208,0
138,29,7212,7220,0
138,29,7221,7458,0
138,30,7459,7662,0
138,31,7663,7784,0
138,32,7788,7796,0
138,32,7797,7857,0
138,33,8154,8223,0
138,34,8224,8280,0
138,35,8281,8376,0
138,36,8377,8438,0
138,37,8439,8517,0
138,37,8518,8539,0
138,38,8540,8655,0
138,39,8657,8792,0
138,40,8793,8913,0
138,41,8914,8922,0
138,41,8923,8947,0
138,42,8948,9061,0
138,43,9065,9161,0
138,44,9162,9336,0
138,45,9337,9485,0
138,46,9489,9685,0
138,47,9686,9802,0
138,48,10078,10151,0
138,49,10155,10264,0
138,50,10265,10331,0
138,51,10332,10430,0
138,52,10474,10539,0
138,53,10540,10688,0
138,54,10689,10780,0
138,55,10797,10859,0
138,56,10860,11029,0
138,57,11030,11157,0
138,58,11158,11252,0
138,59,11256,11312,0
138,60,11313,11453,0
138,61,11454,11575,0
138,62,11576,11703,0
138,63,11724,11792,0
138,64,11793,11892,0
138,65,11893,11972,0
138,66,11973,12045,0
138,67,12046,12125,0
138,68,13022,13206,0
138,69,13207,13544,0
138,70,13547,13700,0
138,71,13701,13930,0
138,72,13960,14017,0
138,73,14018,14169,0
138,74,14170,14291,0
138,75,14292,14323,0
138,76,14326,14567,0
138,77,14568,14654,0
138,78,6152,6342,0
138,79,6343,6404,0
138,80,6405,6557,0
138,81,6559,6764,0
138,82,6765,6956,0
138,83,6958,7009,0
138,84,7064,7147,0
138,85,7149,7271,0
138,86,7313,7444,0
138,87,7483,7622,0
138,88,7623,7708,0
138,89,7709,7862,0
138,90,7872,8163,0
138,91,8164,8331,0
138,92,8332,8439,0
138,92,2202,2215,0
138,93,8471,8646,0
138,94,8647,8710,0
138,94,6396,6404,0
138,95,8720,8769,0
138,96,8774,8837,0
138,97,8895,9117,0
138,98,4964,5035,0
138,99,5036,5143,0
138,100,5144,5247,0
138,101,5249,5372,0
138,102,5373,5499,0
138,103,13571,13682,0
138,104,13683,13757,0
138,105,13758,13902,0
138,106,13904,13984,0
138,106,13985,14048,0
138,107,14049,14200,0
138,108,14201,14307,0
138,109,15750,15891,0
138,110,15892,15992,0
138,110,15993,16217,0
138,111,16389,16588,0
138,112,16944,17087,0
138,113,17088,17164,0
138,113,17165,17315,0
138,114,17415,17535,0
138,114,17536,17678,0
138,115,5106,5208,0
138,115,5209,5406,0
138,116,5561,5666,0
138,117,5868,5945,0
138,117,5946,6087,0
138,118,6673,6878,0
138,119,7550,7774,0
138,120,7775,7886,0
138,121,7887,8051,0
138,122,8052,8266,0
138,123,8441,8526,0
138,123,8527,8584,0
138,124,9485,9544,0
138,124,9545,9596,0
138,125,9658,9701,0
138,126,9702,9801,0
138,127,8267,8357,0
138,128,11837,11918,0
138,129,11919,11973,0
138,130,11974,12152,0
138,131,12153,12276,0
138,132,12278,12406,0
138,133,12407,12576,0
138,134,12577,12671,0
138,135,14657,14798,0
246,1,2499,2826,3
246,2,2835,3111,3
246,3,3112,3304,2
246,3,3306,3339,0
246,4,3342,3409,1
246,5,3410,3640,2
246,6,3643,3782,1
246,7,3784,3849,0
246,8,3851,3923,0
246,9,3925,4032,1
246,10,4035,4092,0
246,11,4093,4505,5
246,12,4507,4740,2
246,13,1140,1327,0
246,14,1328,1605,1
246,15,1607,1782,0
246,16,1788,1996,0
246,17,10728,10866,0
246,17,10867,10928,0
246,18,10929,11130,0
246,19,11209,11469,0
246,20,11470,11596,0
246,21,11597,11748,0
246,22,11749,11792,0
246,23,11793,11916,0
246,24,11917,11973,0
246,25,12214,12311,0
246,26,12419,12723,0
246,27,12826,12918,11
246,28,12920,13034,0
246,29,13036,13111,0
246,29,13112,13149,0
246,29,13150,13212,0
246,29,13213,13246,0
246,30,13248,13359,0
246,31,13361,13456,0
246,31,13457,13492,0
246,32,13494,13644,0
246,33,13645,13701,0
246,33,13702,13743,0
246,34,13744,13787,0
246,34,13788,13815,1
246,35,13816,13883,0
246,35,13884,13915,0
246,36,13916,13990,0
246,37,13991,14052,0
246,38,14053,14211,0
246,39,14212,14313,0
246,40,14314,14362,0
246,40,14363,14405,0
246,41,14406,14461,0
246,42,14463,14649,0
246,43,14650,14718,0
246,44,14719,14843,0
246,45,14844,14980,0
246,46,14982,15096,0
246,47,15098,15197,0
246,48,15199,15237,0
246,48,15238,15335,0
246,49,15336,15414,0
246,50,15415,15545,0
246,51,15546,15651,0
246,52,15653,15794,0
246,53,15795,15861,0
246,54,15965,16010,0
246,54,16011,16090,0
246,54,16091,16129,0
246,54,16130,16175,0
246,54,16176,16373,0
246,55,16375,16452,0
246,55,16453,16519,0
246,56,16521,16567,0
246,57,16569,16657,0
246,57,16658,16727,0
246,58,16729,16860,0
246,59,16862,17002,0
246,60,17047,17085,0
246,60,17086,17229,0
246,61,17275,17440,0
246,62,17442,17650,1
246,63,17651,17749,0
246,64,17750,17810,0
246,65,17812,18084,0
246,66,18085,18226,0
246,67,18305,18354,0
246,67,18355,18409,0
246,68,18410,18469,0
246,69,18470,18635,8
246,70,18636,18741,0
246,71,18907,19013,0
246,71,19014,19042,0
246,72,19043,19095,0
246,73,19096,19228,1
246,74,19229,19302,0
246,75,19347,19398,0
246,76,19399,19473,0
246,77,19474,19528,0
246,78,19529,19612,0
246,79,19614,19861,0
246,80,19863,19954,0
246,81,19955,20053,0
246,82,20054,20163,0
246,83,20165,20220,0
246,84,20222,20308,0
246,85,20310,20462,0
246,86,20463,20565,0
246,87,20567,20675,0
246,87,20676,20717,0
246,88,20719,20793,0
246,88,20794,20878,0
246,89,20880,20983,0
246,90,20984,21034,0
246,91,21035,21143,0
246,92,21145,21199,0
246,92,21200,21387,0
246,93,21388,21589,0
246,94,21591,21756,0
246,95,3945,4006,0
246,96,4007,4093,0
246,97,4094,4180,0
246,98,4181,4288,0
246,99,4290,4357,0
246,100,4358,4518,0
246,101,4519,4678,0
246,102,4680,4843,0
246,103,4844,4953,0
246,104,4954,5101,0
246,105,3490,3625,0
246,106,3626,3694,0
246,107,3695,3738,0
246,108,3739,3943,0
246,109,4538,4582,0
246,110,4583,4723,0
246,111,4724,4938,0
246,112,4942,5013,0
246,113,5014,5170,0
246,114,5143,5516,0
246,115,5517,5634,0
246,116,5635,5913,0
246,117,5914,5986,0
246,118,6027,6234,0
246,119,6235,6316,0
246,120,6317,6570,0
246,121,6571,6784,0
246,122,6786,6795,0
246,122,6796,7022,0
246,123,7836,7978,0
246,124,7979,8081,0
246,125,8082,8168,0
246,126,8169,8353,0
246,127,8354,8535,0
246,128,8574,8721,0
246,129,8722,8808,0
246,130,8809,8945,0
246,131,9016,9135,0
246,132,9137,9272,0
246,133,9273,9324,0
246,134,9498,9620,0
246,135,9622,9662,0
246,135,9663,9944,0
246,136,9945,10120,0
246,137,10121,10193,0
